ICAO,PHASE,STND,RWY,N,VALID,REF_20,ID,OBSERVED
LEMD,ARR,0,18R,31,31,5.033333333333333,ARR-0-18R,2019
LEMD,ARR,0,32L,94,94,2.1133333333333333,ARR-0-32L,2019
LEMD,ARR,0,32R,90,90,7.22,ARR-0-32R,2019
LEMD,ARR,1,18R,31,31,5.1,ARR-1-18R,2019
LEMD,ARR,1,32L,69,69,2.06,ARR-1-32L,2019
LEMD,ARR,1,32R,48,48,7.29,ARR-1-32R,2019
LEMD,ARR,10,18L,96,96,9.5,ARR-10-18L,2019
LEMD,ARR,10,18R,65,65,6.023333333333333,ARR-10-18R,2019
LEMD,ARR,10,32L,200,200,2.24,ARR-10-32L,2019
LEMD,ARR,10,32R,275,275,8.516666666666667,ARR-10-32R,2019
LEMD,ARR,100,32L,41,41,5.883333333333334,ARR-100-32L,2019
LEMD,ARR,100,32R,38,38,12.190000000000001,ARR-100-32R,2019
LEMD,ARR,101,32L,42,42,5.636666666666667,ARR-101-32L,2019
LEMD,ARR,101,32R,38,38,12.483333333333333,ARR-101-32R,2019
LEMD,ARR,102,32L,41,41,5.666666666666667,ARR-102-32L,2019
LEMD,ARR,104,32L,32,32,6.119999999999999,ARR-104-32L,2019
LEMD,ARR,104,32R,38,38,12.663333333333334,ARR-104-32R,2019
LEMD,ARR,105,32R,35,35,12.326666666666666,ARR-105-32R,2019
LEMD,ARR,11,18L,155,155,9.416666666666666,ARR-11-18L,2019
LEMD,ARR,11,18R,59,59,5.673333333333334,ARR-11-18R,2019
LEMD,ARR,11,32L,202,202,2.2866666666666666,ARR-11-32L,2019
LEMD,ARR,11,32R,288,288,8.306666666666667,ARR-11-32R,2019
LEMD,ARR,12,18L,98,98,10.253333333333334,ARR-12-18L,2019
LEMD,ARR,12,18R,60,60,6.38,ARR-12-18R,2019
LEMD,ARR,12,32L,189,189,2.5166666666666666,ARR-12-32L,2019
LEMD,ARR,12,32R,264,264,8.543333333333333,ARR-12-32R,2019
LEMD,ARR,13,18L,101,101,9.683333333333334,ARR-13-18L,2019
LEMD,ARR,13,18R,47,47,5.873333333333333,ARR-13-18R,2019
LEMD,ARR,13,32L,161,161,2.683333333333333,ARR-13-32L,2019
LEMD,ARR,13,32R,294,294,8.843333333333334,ARR-13-32R,2019
LEMD,ARR,130,18L,65,65,14.7,ARR-130-18L,2019
LEMD,ARR,130,18R,55,55,10.81,ARR-130-18R,2019
LEMD,ARR,130,32L,140,140,6.556666666666667,ARR-130-32L,2019
LEMD,ARR,130,32R,143,143,13.073333333333334,ARR-130-32R,2019
LEMD,ARR,131,32R,31,31,12.383333333333333,ARR-131-32R,2019
LEMD,ARR,132,18L,66,66,14.283333333333333,ARR-132-18L,2019
LEMD,ARR,132,18R,39,39,11.386666666666667,ARR-132-18R,2019
LEMD,ARR,132,32L,87,87,6.42,ARR-132-32L,2019
LEMD,ARR,132,32R,136,136,13.116666666666667,ARR-132-32R,2019
LEMD,ARR,134,18L,52,52,14.676666666666668,ARR-134-18L,2019
LEMD,ARR,134,18R,43,43,10.113333333333333,ARR-134-18R,2019
LEMD,ARR,134,32L,121,121,6.483333333333333,ARR-134-32L,2019
LEMD,ARR,134,32R,129,129,13.036666666666667,ARR-134-32R,2019
LEMD,ARR,136,32L,49,49,6.42,ARR-136-32L,2019
LEMD,ARR,136,32R,36,36,13.05,ARR-136-32R,2019
LEMD,ARR,138,32L,43,43,6.663333333333333,ARR-138-32L,2019
LEMD,ARR,138,32R,37,37,13.1,ARR-138-32R,2019
LEMD,ARR,14,18L,100,100,9.72,ARR-14-18L,2019
LEMD,ARR,14,18R,34,34,6.293333333333333,ARR-14-18R,2019
LEMD,ARR,14,32L,131,131,2.7,ARR-14-32L,2019
LEMD,ARR,14,32R,320,320,8.93,ARR-14-32R,2019
LEMD,ARR,140,32L,47,47,6.443333333333333,ARR-140-32L,2019
LEMD,ARR,140,32R,36,36,13.016666666666667,ARR-140-32R,2019
LEMD,ARR,15,18L,92,92,9.836666666666666,ARR-15-18L,2019
LEMD,ARR,15,18R,42,42,6.373333333333333,ARR-15-18R,2019
LEMD,ARR,15,32L,128,128,2.966666666666667,ARR-15-32L,2019
LEMD,ARR,15,32R,278,278,8.823333333333334,ARR-15-32R,2019
LEMD,ARR,16,18L,98,98,9.23,ARR-16-18L,2019
LEMD,ARR,16,18R,44,44,6.433333333333334,ARR-16-18R,2019
LEMD,ARR,16,32L,201,201,3.066666666666667,ARR-16-32L,2019
LEMD,ARR,16,32R,304,304,8.736666666666666,ARR-16-32R,2019
LEMD,ARR,17,18L,87,87,9.49,ARR-17-18L,2019
LEMD,ARR,17,18R,49,49,6.216666666666667,ARR-17-18R,2019
LEMD,ARR,17,32L,139,139,3.1166666666666667,ARR-17-32L,2019
LEMD,ARR,17,32R,257,257,8.8,ARR-17-32R,2019
LEMD,ARR,2,18R,30,30,5.33,ARR-2-18R,2019
LEMD,ARR,2,32L,69,69,2.0933333333333337,ARR-2-32L,2019
LEMD,ARR,2,32R,52,52,7.210000000000001,ARR-2-32R,2019
LEMD,ARR,200,18L,88,88,14.223333333333333,ARR-200-18L,2019
LEMD,ARR,200,18R,39,39,10.766666666666667,ARR-200-18R,2019
LEMD,ARR,200,32L,158,158,5.183333333333334,ARR-200-32L,2019
LEMD,ARR,200,32R,213,213,11.753333333333334,ARR-200-32R,2019
LEMD,ARR,201,18L,60,60,14.463333333333333,ARR-201-18L,2019
LEMD,ARR,201,18R,49,49,10.27,ARR-201-18R,2019
LEMD,ARR,201,32L,153,153,5.166666666666667,ARR-201-32L,2019
LEMD,ARR,201,32R,155,155,11.583333333333334,ARR-201-32R,2019
LEMD,ARR,202,18L,63,63,13.826666666666666,ARR-202-18L,2019
LEMD,ARR,202,18R,35,35,9.813333333333334,ARR-202-18R,2019
LEMD,ARR,202,32L,106,106,5,ARR-202-32L,2019
LEMD,ARR,202,32R,145,145,11.093333333333334,ARR-202-32R,2019
LEMD,ARR,203,18L,41,41,14.466666666666667,ARR-203-18L,2019
LEMD,ARR,203,18R,34,34,9.953333333333333,ARR-203-18R,2019
LEMD,ARR,203,32L,132,132,4.85,ARR-203-32L,2019
LEMD,ARR,203,32R,130,130,11.303333333333335,ARR-203-32R,2019
LEMD,ARR,204,18L,55,55,13.133333333333333,ARR-204-18L,2019
LEMD,ARR,204,18R,37,37,10.423333333333334,ARR-204-18R,2019
LEMD,ARR,204,32L,111,111,5.133333333333334,ARR-204-32L,2019
LEMD,ARR,204,32R,146,146,11.15,ARR-204-32R,2019
LEMD,ARR,205,18L,51,51,13.983333333333333,ARR-205-18L,2019
LEMD,ARR,205,18R,35,35,10.03,ARR-205-18R,2019
LEMD,ARR,205,32L,103,103,4.8566666666666665,ARR-205-32L,2019
LEMD,ARR,205,32R,159,159,11.853333333333333,ARR-205-32R,2019
LEMD,ARR,206,18L,32,32,11.986666666666666,ARR-206-18L,2019
LEMD,ARR,206,32L,112,112,4.666666666666667,ARR-206-32L,2019
LEMD,ARR,206,32R,135,135,11.643333333333334,ARR-206-32R,2019
LEMD,ARR,207,18L,33,33,13.91,ARR-207-18L,2019
LEMD,ARR,207,32L,97,97,4.55,ARR-207-32L,2019
LEMD,ARR,207,32R,94,94,11.82,ARR-207-32R,2019
LEMD,ARR,208,18L,46,46,12.833333333333334,ARR-208-18L,2019
LEMD,ARR,208,18R,39,39,10.246666666666666,ARR-208-18R,2019
LEMD,ARR,208,32L,159,159,4.493333333333333,ARR-208-32L,2019
LEMD,ARR,208,32R,179,179,11.17,ARR-208-32R,2019
LEMD,ARR,210,32L,51,51,5.083333333333333,ARR-210-32L,2019
LEMD,ARR,210,32R,52,52,11.253333333333334,ARR-210-32R,2019
LEMD,ARR,211,32R,37,37,12.356666666666666,ARR-211-32R,2019
LEMD,ARR,212,32L,35,35,5.153333333333333,ARR-212-32L,2019
LEMD,ARR,212,32R,37,37,10.760000000000002,ARR-212-32R,2019
LEMD,ARR,213,18L,39,39,14.066666666666666,ARR-213-18L,2019
LEMD,ARR,213,32L,35,35,5.753333333333334,ARR-213-32L,2019
LEMD,ARR,213,32R,185,185,11.446666666666665,ARR-213-32R,2019
LEMD,ARR,215,18L,39,39,13.656666666666666,ARR-215-18L,2019
LEMD,ARR,215,32L,36,36,5.716666666666667,ARR-215-32L,2019
LEMD,ARR,215,32R,200,200,11.316666666666666,ARR-215-32R,2019
LEMD,ARR,216,32R,32,32,10.553333333333333,ARR-216-32R,2019
LEMD,ARR,217,18L,37,37,14.676666666666666,ARR-217-18L,2019
LEMD,ARR,217,32R,94,94,12.053333333333335,ARR-217-32R,2019
LEMD,ARR,221,18L,43,43,14.306666666666665,ARR-221-18L,2019
LEMD,ARR,221,32L,31,31,5.2,ARR-221-32L,2019
LEMD,ARR,221,32R,148,148,11.923333333333334,ARR-221-32R,2019
LEMD,ARR,223,18L,72,72,14.506666666666666,ARR-223-18L,2019
LEMD,ARR,223,32L,51,51,5.1,ARR-223-32L,2019
LEMD,ARR,223,32R,257,257,11.9,ARR-223-32R,2019
LEMD,ARR,225,18L,68,68,13.71,ARR-225-18L,2019
LEMD,ARR,225,32L,45,45,5.033333333333333,ARR-225-32L,2019
LEMD,ARR,225,32R,209,209,11.703333333333333,ARR-225-32R,2019
LEMD,ARR,227,18L,46,46,14.616666666666667,ARR-227-18L,2019
LEMD,ARR,227,32L,37,37,4.87,ARR-227-32L,2019
LEMD,ARR,227,32R,144,144,11.406666666666666,ARR-227-32R,2019
LEMD,ARR,230,18L,43,43,15.786666666666665,ARR-230-18L,2019
LEMD,ARR,230,18R,46,46,12.35,ARR-230-18R,2019
LEMD,ARR,230,32L,93,93,6.223333333333334,ARR-230-32L,2019
LEMD,ARR,230,32R,109,109,14.033333333333333,ARR-230-32R,2019
LEMD,ARR,243,32R,39,39,11.82,ARR-243-32R,2019
LEMD,ARR,244,32R,47,47,10.803333333333335,ARR-244-32R,2019
LEMD,ARR,3,18L,40,40,7.763333333333334,ARR-3-18L,2019
LEMD,ARR,3,18R,54,54,5.156666666666666,ARR-3-18R,2019
LEMD,ARR,3,32L,171,171,1.9833333333333334,ARR-3-32L,2019
LEMD,ARR,3,32R,97,97,7.28,ARR-3-32R,2019
LEMD,ARR,30,32L,58,58,4.723333333333334,ARR-30-32L,2019
LEMD,ARR,30,32R,63,63,10.77,ARR-30-32R,2019
LEMD,ARR,300,18L,178,178,10.276666666666667,ARR-300-18L,2019
LEMD,ARR,300,18R,180,180,3.9299999999999997,ARR-300-18R,2019
LEMD,ARR,300,32L,588,588,7.576666666666666,ARR-300-32L,2019
LEMD,ARR,300,32R,512,512,9.6033333333333335,ARR-300-32R,2019
LEMD,ARR,302,18L,207,207,10.65,ARR-302-18L,2019
LEMD,ARR,302,18R,180,180,3.8466666666666667,ARR-302-18R,2019
LEMD,ARR,302,32L,578,578,7.283333333333333,ARR-302-32L,2019
LEMD,ARR,302,32R,464,464,9.476666666666667,ARR-302-32R,2019
LEMD,ARR,304,18L,194,194,10.280000000000001,ARR-304-18L,2019
LEMD,ARR,304,18R,183,183,3.71,ARR-304-18R,2019
LEMD,ARR,304,32L,533,533,6.983333333333333,ARR-304-32L,2019
LEMD,ARR,304,32R,495,495,8.85,ARR-304-32R,2019
LEMD,ARR,306,18L,202,202,10.676666666666666,ARR-306-18L,2019
LEMD,ARR,306,18R,148,148,3.5833333333333335,ARR-306-18R,2019
LEMD,ARR,306,32L,440,440,7.03,ARR-306-32L,2019
LEMD,ARR,306,32R,492,492,9.1,ARR-306-32R,2019
LEMD,ARR,308,18L,182,182,9.606666666666666,ARR-308-18L,2019
LEMD,ARR,308,18R,163,163,3.456666666666667,ARR-308-18R,2019
LEMD,ARR,308,32L,455,455,6.746666666666667,ARR-308-32L,2019
LEMD,ARR,308,32R,483,483,8.75,ARR-308-32R,2019
LEMD,ARR,31,18L,134,134,11.5,ARR-31-18L,2019
LEMD,ARR,31,18R,70,70,8.226666666666667,ARR-31-18R,2019
LEMD,ARR,31,32L,272,272,4.3,ARR-31-32L,2019
LEMD,ARR,31,32R,323,323,9.89,ARR-31-32R,2019
LEMD,ARR,310,18L,176,176,9.7,ARR-310-18L,2019
LEMD,ARR,310,18R,156,156,3.283333333333333,ARR-310-18R,2019
LEMD,ARR,310,32L,466,466,6.333333333333333,ARR-310-32L,2019
LEMD,ARR,310,32R,458,458,8.45,ARR-310-32R,2019
LEMD,ARR,312,18L,432,432,9.65,ARR-312-18L,2019
LEMD,ARR,312,18R,183,183,3.1566666666666663,ARR-312-18R,2019
LEMD,ARR,312,32L,632,632,6.92,ARR-312-32L,2019
LEMD,ARR,312,32R,1099,1099,8.41,ARR-312-32R,2019
LEMD,ARR,32,18L,138,138,11.5,ARR-32-18L,2019
LEMD,ARR,32,18R,69,69,9.413333333333334,ARR-32-18R,2019
LEMD,ARR,32,32L,226,226,4.416666666666667,ARR-32-32L,2019
LEMD,ARR,32,32R,290,290,10.13,ARR-32-32R,2019
LEMD,ARR,320,18L,422,422,9.003333333333334,ARR-320-18L,2019
LEMD,ARR,320,18R,167,167,2.8833333333333333,ARR-320-18R,2019
LEMD,ARR,320,32L,549,549,6.426666666666668,ARR-320-32L,2019
LEMD,ARR,320,32R,1084,1084,8.083333333333334,ARR-320-32R,2019
LEMD,ARR,322,18L,317,317,8.97,ARR-322-18L,2019
LEMD,ARR,322,18R,177,177,2.87,ARR-322-18R,2019
LEMD,ARR,322,32L,503,503,6.366666666666666,ARR-322-32L,2019
LEMD,ARR,322,32R,913,913,7.916666666666667,ARR-322-32R,2019
LEMD,ARR,324,18L,304,304,8.866666666666667,ARR-324-18L,2019
LEMD,ARR,324,18R,137,137,2.5533333333333332,ARR-324-18R,2019
LEMD,ARR,324,32L,418,418,5.966666666666667,ARR-324-32L,2019
LEMD,ARR,324,32R,789,789,7.85,ARR-324-32R,2019
LEMD,ARR,326,18L,363,363,8.816666666666666,ARR-326-18L,2019
LEMD,ARR,326,18R,155,155,2.713333333333334,ARR-326-18R,2019
LEMD,ARR,326,32L,515,515,6.05,ARR-326-32L,2019
LEMD,ARR,326,32R,946,946,7.733333333333333,ARR-326-32R,2019
LEMD,ARR,328,18L,259,259,8.56,ARR-328-18L,2019
LEMD,ARR,328,18R,129,129,2.46,ARR-328-18R,2019
LEMD,ARR,328,32L,395,395,5.996666666666667,ARR-328-32L,2019
LEMD,ARR,328,32R,763,763,7.6,ARR-328-32R,2019
LEMD,ARR,329,18L,330,330,8.6,ARR-329-18L,2019
LEMD,ARR,329,18R,129,129,2.2266666666666666,ARR-329-18R,2019
LEMD,ARR,329,32L,407,407,5.95,ARR-329-32L,2019
LEMD,ARR,329,32R,906,906,7.566666666666666,ARR-329-32R,2019
LEMD,ARR,33,18L,114,114,12.113333333333333,ARR-33-18L,2019
LEMD,ARR,33,18R,55,55,9.22,ARR-33-18R,2019
LEMD,ARR,33,32L,244,244,4.6466666666666665,ARR-33-32L,2019
LEMD,ARR,33,32R,313,313,10.346666666666668,ARR-33-32R,2019
LEMD,ARR,330,18L,340,340,8.45,ARR-330-18L,2019
LEMD,ARR,330,18R,126,126,2.6333333333333333,ARR-330-18R,2019
LEMD,ARR,330,32L,378,378,5.666666666666667,ARR-330-32L,2019
LEMD,ARR,330,32R,868,868,7.433333333333334,ARR-330-32R,2019
LEMD,ARR,332,18L,296,296,8.383333333333333,ARR-332-18L,2019
LEMD,ARR,332,18R,223,223,2.436666666666667,ARR-332-18R,2019
LEMD,ARR,332,32L,745,745,4.933333333333334,ARR-332-32L,2019
LEMD,ARR,332,32R,589,589,7.2,ARR-332-32R,2019
LEMD,ARR,334,18L,242,242,8.406666666666668,ARR-334-18L,2019
LEMD,ARR,334,18R,245,245,2.6,ARR-334-18R,2019
LEMD,ARR,334,32L,675,675,5.033333333333333,ARR-334-32L,2019
LEMD,ARR,334,32R,594,594,7.333333333333333,ARR-334-32R,2019
LEMD,ARR,336,18L,269,269,8.283333333333333,ARR-336-18L,2019
LEMD,ARR,336,18R,230,230,2.7666666666666666,ARR-336-18R,2019
LEMD,ARR,336,32L,691,691,4.916666666666667,ARR-336-32L,2019
LEMD,ARR,336,32R,582,582,7.35,ARR-336-32R,2019
LEMD,ARR,338,18L,256,256,8.383333333333333,ARR-338-18L,2019
LEMD,ARR,338,18R,253,253,2.7333333333333334,ARR-338-18R,2019
LEMD,ARR,338,32L,688,688,4.9,ARR-338-32L,2019
LEMD,ARR,338,32R,561,561,7.516666666666667,ARR-338-32R,2019
LEMD,ARR,34,18L,143,143,11.956666666666667,ARR-34-18L,2019
LEMD,ARR,34,18R,56,56,8.733333333333333,ARR-34-18R,2019
LEMD,ARR,34,32L,277,277,4.4,ARR-34-32L,2019
LEMD,ARR,34,32R,368,368,10.146666666666667,ARR-34-32R,2019
LEMD,ARR,340,18L,280,280,8.43,ARR-340-18L,2019
LEMD,ARR,340,18R,228,228,2.933333333333333,ARR-340-18R,2019
LEMD,ARR,340,32L,682,682,4.87,ARR-340-32L,2019
LEMD,ARR,340,32R,594,594,7.216666666666667,ARR-340-32R,2019
LEMD,ARR,342,18L,379,379,8.466666666666667,ARR-342-18L,2019
LEMD,ARR,342,18R,180,180,3.1966666666666668,ARR-342-18R,2019
LEMD,ARR,342,32L,588,588,4.906666666666667,ARR-342-32L,2019
LEMD,ARR,342,32R,889,889,7.383333333333334,ARR-342-32R,2019
LEMD,ARR,344,18L,486,486,8.65,ARR-344-18L,2019
LEMD,ARR,344,18R,168,168,3.4833333333333334,ARR-344-18R,2019
LEMD,ARR,344,32L,572,572,5.0200000000000005,ARR-344-32L,2019
LEMD,ARR,344,32R,1067,1067,7.666666666666667,ARR-344-32R,2019
LEMD,ARR,346,18L,439,439,8.510000000000002,ARR-346-18L,2019
LEMD,ARR,346,18R,153,153,3.433333333333333,ARR-346-18R,2019
LEMD,ARR,346,32L,532,532,5.166666666666667,ARR-346-32L,2019
LEMD,ARR,346,32R,1032,1032,7.416666666666667,ARR-346-32R,2019
LEMD,ARR,348,18L,448,448,8.616666666666667,ARR-348-18L,2019
LEMD,ARR,348,18R,133,133,3.3833333333333333,ARR-348-18R,2019
LEMD,ARR,348,32L,496,496,5.116666666666666,ARR-348-32L,2019
LEMD,ARR,348,32R,1059,1059,7.343333333333334,ARR-348-32R,2019
LEMD,ARR,35,18L,102,102,12.286666666666667,ARR-35-18L,2019
LEMD,ARR,35,18R,58,58,9.016666666666666,ARR-35-18R,2019
LEMD,ARR,35,32L,160,160,4.693333333333333,ARR-35-32L,2019
LEMD,ARR,35,32R,268,268,10.989999999999998,ARR-35-32R,2019
LEMD,ARR,350,18L,422,422,8.436666666666667,ARR-350-18L,2019
LEMD,ARR,350,18R,143,143,3.34,ARR-350-18R,2019
LEMD,ARR,350,32L,506,506,4.983333333333333,ARR-350-32L,2019
LEMD,ARR,350,32R,969,969,7.343333333333334,ARR-350-32R,2019
LEMD,ARR,352,18L,421,421,8.45,ARR-352-18L,2019
LEMD,ARR,352,18R,174,174,3.6233333333333335,ARR-352-18R,2019
LEMD,ARR,352,32L,504,504,4.883333333333334,ARR-352-32L,2019
LEMD,ARR,352,32R,937,937,7.166666666666667,ARR-352-32R,2019
LEMD,ARR,354,18L,351,351,8.266666666666667,ARR-354-18L,2019
LEMD,ARR,354,18R,177,177,3.8033333333333332,ARR-354-18R,2019
LEMD,ARR,354,32L,533,533,4.816666666666666,ARR-354-32L,2019
LEMD,ARR,354,32R,890,890,7.133333333333334,ARR-354-32R,2019
LEMD,ARR,356,18L,373,373,8.066666666666666,ARR-356-18L,2019
LEMD,ARR,356,18R,209,209,3.4433333333333334,ARR-356-18R,2019
LEMD,ARR,356,32L,671,671,4.366666666666666,ARR-356-32L,2019
LEMD,ARR,356,32R,783,783,6.883333333333334,ARR-356-32R,2019
LEMD,ARR,358,18L,362,362,8.136666666666667,ARR-358-18L,2019
LEMD,ARR,358,18R,170,170,3.6433333333333335,ARR-358-18R,2019
LEMD,ARR,358,32L,599,599,4.416666666666667,ARR-358-32L,2019
LEMD,ARR,358,32R,767,767,6.97,ARR-358-32R,2019
LEMD,ARR,36,18L,81,81,12.2,ARR-36-18L,2019
LEMD,ARR,36,18R,49,49,9.733333333333334,ARR-36-18R,2019
LEMD,ARR,36,32L,145,145,5.063333333333333,ARR-36-32L,2019
LEMD,ARR,36,32R,222,222,10.883333333333333,ARR-36-32R,2019
LEMD,ARR,360,18L,300,300,8.066666666666666,ARR-360-18L,2019
LEMD,ARR,360,18R,209,209,3.6333333333333333,ARR-360-18R,2019
LEMD,ARR,360,32L,643,643,4.25,ARR-360-32L,2019
LEMD,ARR,360,32R,628,628,6.756666666666667,ARR-360-32R,2019
LEMD,ARR,362,18L,253,253,8.023333333333333,ARR-362-18L,2019
LEMD,ARR,362,18R,206,206,3.7,ARR-362-18R,2019
LEMD,ARR,362,32L,590,590,4.383333333333334,ARR-362-32L,2019
LEMD,ARR,362,32R,565,565,6.683333333333334,ARR-362-32R,2019
LEMD,ARR,364,18L,240,240,7.68,ARR-364-18L,2019
LEMD,ARR,364,18R,193,193,3.683333333333333,ARR-364-18R,2019
LEMD,ARR,364,32L,587,587,4.1,ARR-364-32L,2019
LEMD,ARR,364,32R,534,534,6.493333333333334,ARR-364-32R,2019
LEMD,ARR,366,18L,255,255,8.113333333333333,ARR-366-18L,2019
LEMD,ARR,366,18R,185,185,4.033333333333333,ARR-366-18R,2019
LEMD,ARR,366,32L,556,556,4.166666666666667,ARR-366-32L,2019
LEMD,ARR,366,32R,570,570,6.563333333333333,ARR-366-32R,2019
LEMD,ARR,368,18L,234,234,7.76,ARR-368-18L,2019
LEMD,ARR,368,18R,196,196,3.933333333333333,ARR-368-18R,2019
LEMD,ARR,368,32L,521,521,4.15,ARR-368-32L,2019
LEMD,ARR,368,32R,552,552,6.62,ARR-368-32R,2019
LEMD,ARR,37,18L,78,78,11.629999999999999,ARR-37-18L,2019
LEMD,ARR,37,18R,40,40,8.566666666666666,ARR-37-18R,2019
LEMD,ARR,37,32L,136,136,4.7,ARR-37-32L,2019
LEMD,ARR,37,32R,211,211,10.3,ARR-37-32R,2019
LEMD,ARR,370,18L,194,194,7.7,ARR-370-18L,2019
LEMD,ARR,370,18R,177,177,4.016666666666667,ARR-370-18R,2019
LEMD,ARR,370,32L,519,519,3.9,ARR-370-32L,2019
LEMD,ARR,370,32R,481,481,6.3,ARR-370-32R,2019
LEMD,ARR,372,18L,130,130,7.593333333333334,ARR-372-18L,2019
LEMD,ARR,372,18R,253,253,4.023333333333333,ARR-372-18R,2019
LEMD,ARR,372,32L,605,605,3.8633333333333333,ARR-372-32L,2019
LEMD,ARR,372,32R,259,259,6.383333333333334,ARR-372-32R,2019
LEMD,ARR,374,18L,120,120,7.833333333333334,ARR-374-18L,2019
LEMD,ARR,374,18R,167,167,4.286666666666666,ARR-374-18R,2019
LEMD,ARR,374,32L,367,367,3.9033333333333333,ARR-374-32L,2019
LEMD,ARR,374,32R,270,270,6.55,ARR-374-32R,2019
LEMD,ARR,376,18L,90,90,7.546666666666667,ARR-376-18L,2019
LEMD,ARR,376,18R,150,150,4.226666666666667,ARR-376-18R,2019
LEMD,ARR,376,32L,339,339,3.8333333333333335,ARR-376-32L,2019
LEMD,ARR,376,32R,182,182,6.5,ARR-376-32R,2019
LEMD,ARR,378,18L,169,169,7.813333333333333,ARR-378-18L,2019
LEMD,ARR,378,18R,243,243,4.216666666666667,ARR-378-18R,2019
LEMD,ARR,378,32L,715,715,3.7333333333333334,ARR-378-32L,2019
LEMD,ARR,378,32R,295,295,6.34,ARR-378-32R,2019
LEMD,ARR,380,18L,125,125,8.023333333333333,ARR-380-18L,2019
LEMD,ARR,380,18R,199,199,5.013333333333334,ARR-380-18R,2019
LEMD,ARR,380,32L,443,443,4.3,ARR-380-32L,2019
LEMD,ARR,380,32R,297,297,6.753333333333334,ARR-380-32R,2019
LEMD,ARR,382,18L,109,109,8.556666666666668,ARR-382-18L,2019
LEMD,ARR,382,18R,124,124,5.053333333333333,ARR-382-18R,2019
LEMD,ARR,382,32L,289,289,4.526666666666666,ARR-382-32L,2019
LEMD,ARR,382,32R,216,216,7.266666666666667,ARR-382-32R,2019
LEMD,ARR,384,18L,72,72,8.413333333333332,ARR-384-18L,2019
LEMD,ARR,384,18R,109,109,4.983333333333333,ARR-384-18R,2019
LEMD,ARR,384,32L,257,257,4.62,ARR-384-32L,2019
LEMD,ARR,384,32R,181,181,7.483333333333333,ARR-384-32R,2019
LEMD,ARR,386,18L,199,199,8.793333333333333,ARR-386-18L,2019
LEMD,ARR,386,18R,192,192,5.34,ARR-386-18R,2019
LEMD,ARR,386,32L,547,547,5,ARR-386-32L,2019
LEMD,ARR,386,32R,455,455,7.75,ARR-386-32R,2019
LEMD,ARR,388,18L,173,173,8.633333333333333,ARR-388-18L,2019
LEMD,ARR,388,18R,150,150,5.063333333333333,ARR-388-18R,2019
LEMD,ARR,388,32L,442,442,4.866666666666666,ARR-388-32L,2019
LEMD,ARR,388,32R,419,419,7.61,ARR-388-32R,2019
LEMD,ARR,390,18L,169,169,9.043333333333333,ARR-390-18L,2019
LEMD,ARR,390,18R,126,126,5.2,ARR-390-18R,2019
LEMD,ARR,390,32L,409,409,4.966666666666667,ARR-390-32L,2019
LEMD,ARR,390,32R,407,407,7.786666666666666,ARR-390-32R,2019
LEMD,ARR,392,18L,154,154,8.936666666666666,ARR-392-18L,2019
LEMD,ARR,392,18R,129,129,5.17,ARR-392-18R,2019
LEMD,ARR,392,32L,369,369,5.043333333333333,ARR-392-32L,2019
LEMD,ARR,392,32R,382,382,7.95,ARR-392-32R,2019
LEMD,ARR,394,18L,120,120,8.763333333333334,ARR-394-18L,2019
LEMD,ARR,394,18R,115,115,5.336666666666667,ARR-394-18R,2019
LEMD,ARR,394,32L,328,328,4.973333333333334,ARR-394-32L,2019
LEMD,ARR,394,32R,344,344,7.676666666666668,ARR-394-32R,2019
LEMD,ARR,4,18L,53,53,8.540000000000001,ARR-4-18L,2019
LEMD,ARR,4,18R,49,49,4.983333333333333,ARR-4-18R,2019
LEMD,ARR,4,32L,127,127,1.7333333333333334,ARR-4-32L,2019
LEMD,ARR,4,32R,100,100,7.1433333333333335,ARR-4-32R,2019
LEMD,ARR,40,18L,45,45,14.096666666666668,ARR-40-18L,2019
LEMD,ARR,40,18R,31,31,9.483333333333333,ARR-40-18R,2019
LEMD,ARR,40,32L,142,142,4.633333333333334,ARR-40-32L,2019
LEMD,ARR,40,32R,170,170,11.409999999999998,ARR-40-32R,2019
LEMD,ARR,402,18L,122,122,8.38,ARR-402-18L,2019
LEMD,ARR,402,18R,68,68,2.3233333333333333,ARR-402-18R,2019
LEMD,ARR,402,32L,143,143,5.406666666666667,ARR-402-32L,2019
LEMD,ARR,402,32R,331,331,7.3,ARR-402-32R,2019
LEMD,ARR,404,18L,120,120,8.566666666666666,ARR-404-18L,2019
LEMD,ARR,404,18R,84,84,2.4466666666666668,ARR-404-18R,2019
LEMD,ARR,404,32L,153,153,5.796666666666667,ARR-404-32L,2019
LEMD,ARR,404,32R,277,277,7.486666666666666,ARR-404-32R,2019
LEMD,ARR,406,18L,137,137,8.523333333333333,ARR-406-18L,2019
LEMD,ARR,406,18R,60,60,2.39,ARR-406-18R,2019
LEMD,ARR,406,32L,150,150,5.876666666666667,ARR-406-32L,2019
LEMD,ARR,406,32R,272,272,7.403333333333334,ARR-406-32R,2019
LEMD,ARR,408,18L,147,147,8.686666666666667,ARR-408-18L,2019
LEMD,ARR,408,18R,72,72,2.9166666666666665,ARR-408-18R,2019
LEMD,ARR,408,32L,240,240,5.8,ARR-408-32L,2019
LEMD,ARR,408,32R,341,341,7.6,ARR-408-32R,2019
LEMD,ARR,41,18L,49,49,14.843333333333334,ARR-41-18L,2019
LEMD,ARR,41,18R,46,46,9.3,ARR-41-18R,2019
LEMD,ARR,41,32L,113,113,4.923333333333334,ARR-41-32L,2019
LEMD,ARR,41,32R,189,189,11.41,ARR-41-32R,2019
LEMD,ARR,410,18L,113,113,8.823333333333334,ARR-410-18L,2019
LEMD,ARR,410,18R,69,69,2.9266666666666667,ARR-410-18R,2019
LEMD,ARR,410,32L,168,168,6.04,ARR-410-32L,2019
LEMD,ARR,410,32R,289,289,7.466666666666667,ARR-410-32R,2019
LEMD,ARR,411,18L,82,82,9.256666666666666,ARR-411-18L,2019
LEMD,ARR,411,18R,52,52,3.096666666666667,ARR-411-18R,2019
LEMD,ARR,411,32L,144,144,6.016666666666667,ARR-411-32L,2019
LEMD,ARR,411,32R,195,195,7.536666666666667,ARR-411-32R,2019
LEMD,ARR,412,18L,72,72,8.97,ARR-412-18L,2019
LEMD,ARR,412,18R,59,59,3.466666666666667,ARR-412-18R,2019
LEMD,ARR,412,32L,159,159,6.343333333333334,ARR-412-32L,2019
LEMD,ARR,412,32R,221,221,8.1,ARR-412-32R,2019
LEMD,ARR,413,18L,83,83,9.18,ARR-413-18L,2019
LEMD,ARR,413,18R,41,41,3.35,ARR-413-18R,2019
LEMD,ARR,413,32L,133,133,6.333333333333333,ARR-413-32L,2019
LEMD,ARR,413,32R,171,171,8.25,ARR-413-32R,2019
LEMD,ARR,414,18L,67,67,9.036666666666667,ARR-414-18L,2019
LEMD,ARR,414,18R,34,34,3.293333333333333,ARR-414-18R,2019
LEMD,ARR,414,32L,114,114,6.62,ARR-414-32L,2019
LEMD,ARR,414,32R,155,155,7.883333333333334,ARR-414-32R,2019
LEMD,ARR,415,18L,52,52,9.090000000000002,ARR-415-18L,2019
LEMD,ARR,415,18R,32,32,3.2666666666666666,ARR-415-18R,2019
LEMD,ARR,415,32L,87,87,6.503333333333334,ARR-415-32L,2019
LEMD,ARR,415,32R,138,138,7.65,ARR-415-32R,2019
LEMD,ARR,416,18L,38,38,9.16,ARR-416-18L,2019
LEMD,ARR,416,32L,56,56,6.416666666666667,ARR-416-32L,2019
LEMD,ARR,416,32R,102,102,7.653333333333334,ARR-416-32R,2019
LEMD,ARR,417,32L,34,34,5.856666666666667,ARR-417-32L,2019
LEMD,ARR,417,32R,57,57,8.033333333333333,ARR-417-32R,2019
LEMD,ARR,418,32R,42,42,7.930000000000001,ARR-418-32R,2019
LEMD,ARR,42,18L,48,48,12.996666666666666,ARR-42-18L,2019
LEMD,ARR,42,18R,31,31,9.716666666666667,ARR-42-18R,2019
LEMD,ARR,42,32L,87,87,5.220000000000001,ARR-42-32L,2019
LEMD,ARR,42,32R,158,158,11.756666666666668,ARR-42-32R,2019
LEMD,ARR,420,18L,48,48,8.86,ARR-420-18L,2019
LEMD,ARR,420,18R,40,40,2.293333333333333,ARR-420-18R,2019
LEMD,ARR,420,32L,115,115,4.726666666666667,ARR-420-32L,2019
LEMD,ARR,420,32R,109,109,6.8966666666666665,ARR-420-32R,2019
LEMD,ARR,422,18L,56,56,8.416666666666666,ARR-422-18L,2019
LEMD,ARR,422,18R,31,31,2.5166666666666666,ARR-422-18R,2019
LEMD,ARR,422,32L,91,91,4.716666666666667,ARR-422-32L,2019
LEMD,ARR,422,32R,94,94,6.693333333333333,ARR-422-32R,2019
LEMD,ARR,424,18L,31,31,8.183333333333334,ARR-424-18L,2019
LEMD,ARR,424,18R,30,30,2.26,ARR-424-18R,2019
LEMD,ARR,424,32L,76,76,4.65,ARR-424-32L,2019
LEMD,ARR,424,32R,87,87,6.67,ARR-424-32R,2019
LEMD,ARR,426,32L,64,64,4.823333333333333,ARR-426-32L,2019
LEMD,ARR,426,32R,68,68,6.83,ARR-426-32R,2019
LEMD,ARR,428,32L,50,50,4.476666666666667,ARR-428-32L,2019
LEMD,ARR,428,32R,54,54,6.413333333333334,ARR-428-32R,2019
LEMD,ARR,43,18L,33,33,14.233333333333334,ARR-43-18L,2019
LEMD,ARR,43,32L,117,117,5.069999999999999,ARR-43-32L,2019
LEMD,ARR,43,32R,135,135,12.046666666666667,ARR-43-32R,2019
LEMD,ARR,430,32L,31,31,4.833333333333333,ARR-430-32L,2019
LEMD,ARR,430,32R,45,45,7.21,ARR-430-32R,2019
LEMD,ARR,432,32L,38,38,4.236666666666666,ARR-432-32L,2019
LEMD,ARR,432,32R,54,54,7.0633333333333335,ARR-432-32R,2019
LEMD,ARR,44,18L,61,61,11.216666666666667,ARR-44-18L,2019
LEMD,ARR,44,18R,32,32,9.376666666666667,ARR-44-18R,2019
LEMD,ARR,44,32L,105,105,4.726666666666667,ARR-44-32L,2019
LEMD,ARR,44,32R,166,166,10,ARR-44-32R,2019
LEMD,ARR,45,18L,56,56,10.616666666666667,ARR-45-18L,2019
LEMD,ARR,45,32L,119,119,4.153333333333334,ARR-45-32L,2019
LEMD,ARR,45,32R,167,167,9.4,ARR-45-32R,2019
LEMD,ARR,5,18L,35,35,8.34,ARR-5-18L,2019
LEMD,ARR,5,18R,54,54,5.0600000000000005,ARR-5-18R,2019
LEMD,ARR,5,32L,140,140,1.7966666666666666,ARR-5-32L,2019
LEMD,ARR,5,32R,124,124,7.41,ARR-5-32R,2019
LEMD,ARR,501,18L,81,81,5.366666666666666,ARR-501-18L,2019
LEMD,ARR,501,18R,109,109,2.9,ARR-501-18R,2019
LEMD,ARR,501,32L,391,391,3.216666666666667,ARR-501-32L,2019
LEMD,ARR,501,32R,291,291,6.35,ARR-501-32R,2019
LEMD,ARR,505,18L,79,79,5.783333333333333,ARR-505-18L,2019
LEMD,ARR,505,18R,53,53,2.923333333333333,ARR-505-18R,2019
LEMD,ARR,505,32L,171,171,3.6,ARR-505-32L,2019
LEMD,ARR,505,32R,261,261,6.65,ARR-505-32R,2019
LEMD,ARR,507,18L,184,184,6,ARR-507-18L,2019
LEMD,ARR,507,32L,115,115,4.233333333333333,ARR-507-32L,2019
LEMD,ARR,507,32R,330,330,8.143333333333334,ARR-507-32R,2019
LEMD,ARR,51,32L,60,60,7.33,ARR-51-32L,2019
LEMD,ARR,510,18L,67,67,4.2,ARR-510-18L,2019
LEMD,ARR,510,18R,57,57,2.5700000000000003,ARR-510-18R,2019
LEMD,ARR,510,32L,260,260,3.5300000000000002,ARR-510-32L,2019
LEMD,ARR,510,32R,199,199,5.683333333333334,ARR-510-32R,2019
LEMD,ARR,515,18L,90,90,5.15,ARR-515-18L,2019
LEMD,ARR,515,18R,120,120,2.45,ARR-515-18R,2019
LEMD,ARR,515,32L,357,357,3.75,ARR-515-32L,2019
LEMD,ARR,515,32R,283,283,6.173333333333334,ARR-515-32R,2019
LEMD,ARR,519,18L,71,71,4.933333333333334,ARR-519-18L,2019
LEMD,ARR,519,18R,113,113,2.3233333333333337,ARR-519-18R,2019
LEMD,ARR,519,32L,339,339,3.81,ARR-519-32L,2019
LEMD,ARR,519,32R,254,254,5.8,ARR-519-32R,2019
LEMD,ARR,522,18L,249,249,4.226666666666667,ARR-522-18L,2019
LEMD,ARR,522,18R,161,161,1.8833333333333333,ARR-522-18R,2019
LEMD,ARR,522,32L,364,364,3.743333333333333,ARR-522-32L,2019
LEMD,ARR,522,32R,674,674,6.06,ARR-522-32R,2019
LEMD,ARR,525,18L,66,66,4.55,ARR-525-18L,2019
LEMD,ARR,525,18R,104,104,1.8833333333333333,ARR-525-18R,2019
LEMD,ARR,525,32L,342,342,4.05,ARR-525-32L,2019
LEMD,ARR,525,32R,252,252,5.746666666666666,ARR-525-32R,2019
LEMD,ARR,529,18L,73,73,4.406666666666667,ARR-529-18L,2019
LEMD,ARR,529,18R,116,116,1.9,ARR-529-18R,2019
LEMD,ARR,529,32L,380,380,3.7,ARR-529-32L,2019
LEMD,ARR,529,32R,264,264,5.433333333333334,ARR-529-32R,2019
LEMD,ARR,53,32L,56,56,7.3,ARR-53-32L,2019
LEMD,ARR,533,18L,36,36,4.183333333333334,ARR-533-18L,2019
LEMD,ARR,533,18R,96,96,1.7666666666666666,ARR-533-18R,2019
LEMD,ARR,533,32L,298,298,3.966666666666667,ARR-533-32L,2019
LEMD,ARR,533,32R,177,177,5.166666666666667,ARR-533-32R,2019
LEMD,ARR,536,18R,90,90,2.293333333333333,ARR-536-18R,2019
LEMD,ARR,536,32L,332,332,4.1033333333333335,ARR-536-32L,2019
LEMD,ARR,536,32R,138,138,4.923333333333334,ARR-536-32R,2019
LEMD,ARR,537,18L,37,37,3.8133333333333335,ARR-537-18L,2019
LEMD,ARR,537,18R,99,99,2.55,ARR-537-18R,2019
LEMD,ARR,537,32L,318,318,4.183333333333334,ARR-537-32L,2019
LEMD,ARR,537,32R,119,119,4.803333333333333,ARR-537-32R,2019
LEMD,ARR,538,32L,44,44,4.793333333333333,ARR-538-32L,2019
LEMD,ARR,538,32R,47,47,4.246666666666667,ARR-538-32R,2019
LEMD,ARR,539,32L,53,53,4.296666666666667,ARR-539-32L,2019
LEMD,ARR,539,32R,57,57,7.036666666666666,ARR-539-32R,2019
LEMD,ARR,541,18L,57,57,3.4,ARR-541-18L,2019
LEMD,ARR,541,18R,118,118,3.5,ARR-541-18R,2019
LEMD,ARR,541,32L,348,348,4.783333333333333,ARR-541-32L,2019
LEMD,ARR,541,32R,239,239,3.7,ARR-541-32R,2019
LEMD,ARR,545,18L,50,50,3.686666666666667,ARR-545-18L,2019
LEMD,ARR,545,18R,110,110,3.6466666666666665,ARR-545-18R,2019
LEMD,ARR,545,32L,355,355,4.883333333333334,ARR-545-32L,2019
LEMD,ARR,545,32R,264,264,3.5599999999999996,ARR-545-32R,2019
LEMD,ARR,549,18L,49,49,3.8166666666666664,ARR-549-18L,2019
LEMD,ARR,549,18R,119,119,4.069999999999999,ARR-549-18R,2019
LEMD,ARR,549,32L,416,416,5.033333333333333,ARR-549-32L,2019
LEMD,ARR,549,32R,269,269,3.66,ARR-549-32R,2019
LEMD,ARR,553,18L,66,66,4.033333333333333,ARR-553-18L,2019
LEMD,ARR,553,18R,113,113,4.34,ARR-553-18R,2019
LEMD,ARR,553,32L,376,376,4.933333333333334,ARR-553-32L,2019
LEMD,ARR,553,32R,262,262,3.4066666666666667,ARR-553-32R,2019
LEMD,ARR,556,18L,106,106,3.3,ARR-556-18L,2019
LEMD,ARR,556,18R,160,160,3.66,ARR-556-18R,2019
LEMD,ARR,556,32L,478,478,4.406666666666667,ARR-556-32L,2019
LEMD,ARR,556,32R,307,307,2.986666666666667,ARR-556-32R,2019
LEMD,ARR,559,18L,81,81,4.166666666666667,ARR-559-18L,2019
LEMD,ARR,559,18R,102,102,4.59,ARR-559-18R,2019
LEMD,ARR,559,32L,330,330,4.8,ARR-559-32L,2019
LEMD,ARR,559,32R,349,349,3.1033333333333335,ARR-559-32R,2019
LEMD,ARR,562,18L,197,197,4.283333333333333,ARR-562-18L,2019
LEMD,ARR,562,18R,266,266,4.133333333333334,ARR-562-18R,2019
LEMD,ARR,562,32L,784,784,3.8,ARR-562-32L,2019
LEMD,ARR,562,32R,484,484,3.3600000000000003,ARR-562-32R,2019
LEMD,ARR,565,18L,93,93,4.91,ARR-565-18L,2019
LEMD,ARR,565,18R,90,90,4.8133333333333335,ARR-565-18R,2019
LEMD,ARR,565,32L,293,293,4.066666666666666,ARR-565-32L,2019
LEMD,ARR,565,32R,341,341,3.816666666666667,ARR-565-32R,2019
LEMD,ARR,569,18L,94,94,5.286666666666667,ARR-569-18L,2019
LEMD,ARR,569,18R,144,144,5.366666666666666,ARR-569-18R,2019
LEMD,ARR,569,32L,463,463,4.140000000000001,ARR-569-32L,2019
LEMD,ARR,569,32R,353,353,4.033333333333333,ARR-569-32R,2019
LEMD,ARR,57,32L,50,50,8.166666666666666,ARR-57-32L,2019
LEMD,ARR,573,18L,68,68,5.296666666666667,ARR-573-18L,2019
LEMD,ARR,573,18R,171,171,5.45,ARR-573-18R,2019
LEMD,ARR,573,32L,601,601,4.083333333333333,ARR-573-32L,2019
LEMD,ARR,573,32R,208,208,4.38,ARR-573-32R,2019
LEMD,ARR,576,18R,88,88,5.8566666666666665,ARR-576-18R,2019
LEMD,ARR,576,32L,261,261,4,ARR-576-32L,2019
LEMD,ARR,576,32R,33,33,5.05,ARR-576-32R,2019
LEMD,ARR,577,32L,212,212,4.19,ARR-577-32L,2019
LEMD,ARR,577,32R,36,36,5.1,ARR-577-32R,2019
LEMD,ARR,578,18L,35,35,5.426666666666667,ARR-578-18L,2019
LEMD,ARR,578,18R,76,76,4.8,ARR-578-18R,2019
LEMD,ARR,578,32L,164,164,3.4166666666666665,ARR-578-32L,2019
LEMD,ARR,578,32R,82,82,4.319999999999999,ARR-578-32R,2019
LEMD,ARR,580,18R,42,42,5.703333333333334,ARR-580-18R,2019
LEMD,ARR,580,32L,209,209,3.6,ARR-580-32L,2019
LEMD,ARR,580,32R,87,87,4.536666666666666,ARR-580-32R,2019
LEMD,ARR,582,18R,46,46,3.5,ARR-582-18R,2019
LEMD,ARR,582,32L,252,252,3.066666666666667,ARR-582-32L,2019
LEMD,ARR,582,32R,44,44,5.703333333333333,ARR-582-32R,2019
LEMD,ARR,583,32L,34,34,4.133333333333334,ARR-583-32L,2019
LEMD,ARR,585,18L,57,57,6.72,ARR-585-18L,2019
LEMD,ARR,585,18R,116,116,3.533333333333333,ARR-585-18R,2019
LEMD,ARR,585,32L,514,514,3.126666666666667,ARR-585-32L,2019
LEMD,ARR,585,32R,116,116,5.666666666666667,ARR-585-32R,2019
LEMD,ARR,59,32L,46,46,7.783333333333333,ARR-59-32L,2019
LEMD,ARR,6,18L,41,41,9.283333333333333,ARR-6-18L,2019
LEMD,ARR,6,18R,36,36,5.85,ARR-6-18R,2019
LEMD,ARR,6,32L,139,139,1.7433333333333334,ARR-6-32L,2019
LEMD,ARR,6,32R,95,95,7.863333333333333,ARR-6-32R,2019
LEMD,ARR,600,18L,30,30,1.73,ARR-600-18L,2019
LEMD,ARR,600,32L,52,52,4.166666666666667,ARR-600-32L,2019
LEMD,ARR,600,32R,86,86,2.4833333333333334,ARR-600-32R,2019
LEMD,ARR,601,32L,59,59,5.173333333333334,ARR-601-32L,2019
LEMD,ARR,601,32R,45,45,3.3233333333333333,ARR-601-32R,2019
LEMD,ARR,602,32L,43,43,3.956666666666667,ARR-602-32L,2019
LEMD,ARR,602,32R,46,46,2.35,ARR-602-32R,2019
LEMD,ARR,604,32L,85,85,5.02,ARR-604-32L,2019
LEMD,ARR,604,32R,39,39,2.8766666666666665,ARR-604-32R,2019
LEMD,ARR,606,18L,119,119,2.1333333333333333,ARR-606-18L,2019
LEMD,ARR,606,18R,141,141,3.5,ARR-606-18R,2019
LEMD,ARR,606,32L,368,368,4.116666666666666,ARR-606-32L,2019
LEMD,ARR,606,32R,338,338,2.2,ARR-606-32R,2019
LEMD,ARR,608,32L,47,47,3.923333333333333,ARR-608-32L,2019
LEMD,ARR,608,32R,44,44,2.3066666666666666,ARR-608-32R,2019
LEMD,ARR,609,32L,66,66,4.833333333333333,ARR-609-32L,2019
LEMD,ARR,609,32R,53,53,2.8,ARR-609-32R,2019
LEMD,ARR,61,32L,35,35,7.256666666666667,ARR-61-32L,2019
LEMD,ARR,610,32L,34,34,4.006666666666667,ARR-610-32L,2019
LEMD,ARR,612,32L,73,73,4.556666666666667,ARR-612-32L,2019
LEMD,ARR,612,32R,39,39,2.6466666666666665,ARR-612-32R,2019
LEMD,ARR,614,32L,72,72,4.3533333333333335,ARR-614-32L,2019
LEMD,ARR,614,32R,55,55,2.75,ARR-614-32R,2019
LEMD,ARR,616,18L,107,107,2.716666666666667,ARR-616-18L,2019
LEMD,ARR,616,18R,118,118,3.9733333333333336,ARR-616-18R,2019
LEMD,ARR,616,32L,295,295,3.4633333333333334,ARR-616-32L,2019
LEMD,ARR,616,32R,306,306,1.6666666666666667,ARR-616-32R,2019
LEMD,ARR,618,18L,45,45,2.7,ARR-618-18L,2019
LEMD,ARR,618,18R,30,30,3.7,ARR-618-18R,2019
LEMD,ARR,618,32L,93,93,3.3233333333333337,ARR-618-32L,2019
LEMD,ARR,618,32R,139,139,1.5166666666666666,ARR-618-32R,2019
LEMD,ARR,619,32L,65,65,5.08,ARR-619-32L,2019
LEMD,ARR,620,32L,64,64,3.3433333333333333,ARR-620-32L,2019
LEMD,ARR,620,32R,73,73,1.9533333333333334,ARR-620-32R,2019
LEMD,ARR,622,32L,79,79,3.96,ARR-622-32L,2019
LEMD,ARR,622,32R,47,47,3.0133333333333336,ARR-622-32R,2019
LEMD,ARR,624,32L,96,96,3.9833333333333334,ARR-624-32L,2019
LEMD,ARR,624,32R,36,36,3.2,ARR-624-32R,2019
LEMD,ARR,626,32L,50,50,2.8833333333333333,ARR-626-32L,2019
LEMD,ARR,626,32R,89,89,2.46,ARR-626-32R,2019
LEMD,ARR,628,32L,35,35,2.806666666666667,ARR-628-32L,2019
LEMD,ARR,628,32R,36,36,2.7333333333333334,ARR-628-32R,2019
LEMD,ARR,63,32L,33,33,7.390000000000001,ARR-63-32L,2019
LEMD,ARR,67,32L,68,68,7.62,ARR-67-32L,2019
LEMD,ARR,69,32L,57,57,7.836666666666668,ARR-69-32L,2019
LEMD,ARR,70,18L,115,115,14.48,ARR-70-18L,2019
LEMD,ARR,70,18R,241,241,11.516666666666667,ARR-70-18R,2019
LEMD,ARR,70,32L,858,858,6.916666666666667,ARR-70-32L,2019
LEMD,ARR,70,32R,316,316,13.416666666666666,ARR-70-32R,2019
LEMD,ARR,71,18L,124,124,14.223333333333333,ARR-71-18L,2019
LEMD,ARR,71,18R,308,308,11.7,ARR-71-18R,2019
LEMD,ARR,71,32L,1010,1010,6.983333333333333,ARR-71-32L,2019
LEMD,ARR,71,32R,270,270,13.616666666666667,ARR-71-32R,2019
LEMD,ARR,72,18L,139,139,15.023333333333333,ARR-72-18L,2019
LEMD,ARR,72,18R,302,302,11.836666666666666,ARR-72-18R,2019
LEMD,ARR,72,32L,936,936,6.866666666666666,ARR-72-32L,2019
LEMD,ARR,72,32R,268,268,14.246666666666666,ARR-72-32R,2019
LEMD,ARR,73,18L,115,115,15.216666666666667,ARR-73-18L,2019
LEMD,ARR,73,18R,277,277,11.74,ARR-73-18R,2019
LEMD,ARR,73,32L,982,982,7.236666666666667,ARR-73-32L,2019
LEMD,ARR,73,32R,233,233,13.516666666666667,ARR-73-32R,2019
LEMD,ARR,74,18L,105,105,14.370000000000001,ARR-74-18L,2019
LEMD,ARR,74,18R,208,208,11.556666666666668,ARR-74-18R,2019
LEMD,ARR,74,32L,753,753,7.366666666666666,ARR-74-32L,2019
LEMD,ARR,74,32R,208,208,13.383333333333333,ARR-74-32R,2019
LEMD,ARR,8,18R,46,46,5.916666666666667,ARR-8-18R,2019
LEMD,ARR,8,32L,102,102,2.0833333333333335,ARR-8-32L,2019
LEMD,ARR,8,32R,61,61,8.3,ARR-8-32R,2019
LEMD,ARR,81,32L,32,32,6.413333333333333,ARR-81-32L,2019
LEMD,ARR,85,32R,40,40,12.85,ARR-85-32R,2019
LEMD,ARR,90,18L,30,30,12.733333333333334,ARR-90-18L,2019
LEMD,ARR,90,32L,46,46,5.766666666666667,ARR-90-32L,2019
LEMD,ARR,91,32L,42,42,5.45,ARR-91-32L,2019
LEMD,ARR,91,32R,41,41,12.1,ARR-91-32R,2019
LEMD,ARR,92,32L,44,44,5.55,ARR-92-32L,2019
LEMD,ARR,92,32R,40,40,12.286666666666667,ARR-92-32R,2019
LEMD,ARR,93,32L,44,44,6.42,ARR-93-32L,2019
LEMD,ARR,93,32R,44,44,12.683333333333334,ARR-93-32R,2019
LEMD,ARR,94,32L,46,46,6.15,ARR-94-32L,2019
LEMD,ARR,94,32R,42,42,12.66,ARR-94-32R,2019
LEMD,ARR,95,32L,38,38,6.233333333333333,ARR-95-32L,2019
LEMD,ARR,95,32R,38,38,11.993333333333332,ARR-95-32R,2019
LEMD,ARR,96,32L,36,36,6.366666666666666,ARR-96-32L,2019
LEMD,ARR,96,32R,39,39,12.433333333333334,ARR-96-32R,2019
LEMD,ARR,97,32L,35,35,6.206666666666667,ARR-97-32L,2019
LEMD,ARR,97,32R,37,37,12.843333333333334,ARR-97-32R,2019
LEMD,ARR,98,18L,84,84,14.933333333333334,ARR-98-18L,2019
LEMD,ARR,98,18R,44,44,12.08,ARR-98-18R,2019
LEMD,ARR,98,32L,190,190,7.076666666666666,ARR-98-32L,2019
LEMD,ARR,98,32R,138,138,13.183333333333334,ARR-98-32R,2019
LEMD,ARR,99,18L,66,66,15.233333333333333,ARR-99-18L,2019
LEMD,ARR,99,18R,62,62,12.196666666666667,ARR-99-18R,2019
LEMD,ARR,99,32L,149,149,7.093333333333333,ARR-99-32L,2019
LEMD,ARR,99,32R,115,115,13.283333333333333,ARR-99-32R,2019
LEMD,ARR,T1,18L,198,198,14.863333333333333,ARR-T1-18L,2019
LEMD,ARR,T1,18R,149,149,10.893333333333334,ARR-T1-18R,2019
LEMD,ARR,T1,32L,467,467,6.4,ARR-T1-32L,2019
LEMD,ARR,T1,32R,566,566,13.516666666666667,ARR-T1-32R,2019
LEMD,ARR,T10,18L,277,277,11.1,ARR-T10-18L,2019
LEMD,ARR,T10,18R,192,192,7.443333333333333,ARR-T10-18R,2019
LEMD,ARR,T10,32L,575,575,3.75,ARR-T10-32L,2019
LEMD,ARR,T10,32R,667,667,9.483333333333333,ARR-T10-32R,2019
LEMD,ARR,T11,18L,300,300,10.546666666666667,ARR-T11-18L,2019
LEMD,ARR,T11,18R,138,138,7.766666666666667,ARR-T11-18R,2019
LEMD,ARR,T11,32L,526,526,3.7666666666666666,ARR-T11-32L,2019
LEMD,ARR,T11,32R,712,712,9.42,ARR-T11-32R,2019
LEMD,ARR,T11W,18R,52,52,9.386666666666667,ARR-T11W-18R,2019
LEMD,ARR,T11W,32L,185,185,5.216666666666667,ARR-T11W-32L,2019
LEMD,ARR,T11W,32R,30,30,11.236666666666668,ARR-T11W-32R,2019
LEMD,ARR,T12,18L,446,446,10.4,ARR-T12-18L,2019
LEMD,ARR,T12,18R,117,117,7.6000000000000005,ARR-T12-18R,2019
LEMD,ARR,T12,32L,533,533,3.54,ARR-T12-32L,2019
LEMD,ARR,T12,32R,990,990,9.280000000000001,ARR-T12-32R,2019
LEMD,ARR,T13,18L,537,537,10.6,ARR-T13-18L,2019
LEMD,ARR,T13,18R,151,151,7.483333333333333,ARR-T13-18R,2019
LEMD,ARR,T13,32L,710,710,3.55,ARR-T13-32L,2019
LEMD,ARR,T13,32R,1133,1133,9.3,ARR-T13-32R,2019
LEMD,ARR,T14,18L,507,507,10.870000000000001,ARR-T14-18L,2019
LEMD,ARR,T14,18R,167,167,7.85,ARR-T14-18R,2019
LEMD,ARR,T14,32L,709,709,3.533333333333333,ARR-T14-32L,2019
LEMD,ARR,T14,32R,1073,1073,9.423333333333334,ARR-T14-32R,2019
LEMD,ARR,T15,18L,420,420,10.793333333333335,ARR-T15-18L,2019
LEMD,ARR,T15,18R,186,186,7.35,ARR-T15-18R,2019
LEMD,ARR,T15,32L,635,635,3.463333333333334,ARR-T15-32L,2019
LEMD,ARR,T15,32R,1012,1012,9.303333333333335,ARR-T15-32R,2019
LEMD,ARR,T16,18L,392,392,10.453333333333333,ARR-T16-18L,2019
LEMD,ARR,T16,18R,131,131,7.3,ARR-T16-18R,2019
LEMD,ARR,T16,32L,468,468,3.6,ARR-T16-32L,2019
LEMD,ARR,T16,32R,902,902,9.219999999999999,ARR-T16-32R,2019
LEMD,ARR,T17,18L,371,371,10.2,ARR-T17-18L,2019
LEMD,ARR,T17,18R,159,159,7.2,ARR-T17-18R,2019
LEMD,ARR,T17,32L,551,551,3.55,ARR-T17-32L,2019
LEMD,ARR,T17,32R,874,874,9.010000000000002,ARR-T17-32R,2019
LEMD,ARR,T18,18L,282,282,10.263333333333334,ARR-T18-18L,2019
LEMD,ARR,T18,18R,137,137,7.383333333333334,ARR-T18-18R,2019
LEMD,ARR,T18,32L,488,488,3.5833333333333335,ARR-T18-32L,2019
LEMD,ARR,T18,32R,659,659,9.193333333333333,ARR-T18-32R,2019
LEMD,ARR,T19,18L,295,295,10.596666666666668,ARR-T19-18L,2019
LEMD,ARR,T19,18R,149,149,7.683333333333334,ARR-T19-18R,2019
LEMD,ARR,T19,32L,509,509,3.6333333333333333,ARR-T19-32L,2019
LEMD,ARR,T19,32R,687,687,9.483333333333333,ARR-T19-32R,2019
LEMD,ARR,T2,18L,194,194,15.5,ARR-T2-18L,2019
LEMD,ARR,T2,18R,171,171,11.45,ARR-T2-18R,2019
LEMD,ARR,T2,32L,533,533,6.716666666666667,ARR-T2-32L,2019
LEMD,ARR,T2,32R,500,500,13.98,ARR-T2-32R,2019
LEMD,ARR,T20,18L,256,256,10.2,ARR-T20-18L,2019
LEMD,ARR,T20,18R,132,132,7.113333333333333,ARR-T20-18R,2019
LEMD,ARR,T20,32L,428,428,3.2666666666666666,ARR-T20-32L,2019
LEMD,ARR,T20,32R,589,589,9,ARR-T20-32R,2019
LEMD,ARR,T20W,18L,43,43,12.43,ARR-T20W-18L,2019
LEMD,ARR,T20W,18R,32,32,8.530000000000001,ARR-T20W-18R,2019
LEMD,ARR,T20W,32L,90,90,4.246666666666667,ARR-T20W-32L,2019
LEMD,ARR,T20W,32R,93,93,10.216666666666667,ARR-T20W-32R,2019
LEMD,ARR,T21,18L,344,344,10.186666666666666,ARR-T21-18L,2019
LEMD,ARR,T21,18R,131,131,7.183333333333334,ARR-T21-18R,2019
LEMD,ARR,T21,32L,481,481,3.033333333333333,ARR-T21-32L,2019
LEMD,ARR,T21,32R,722,722,8.95,ARR-T21-32R,2019
LEMD,ARR,T22,18L,377,377,10.236666666666666,ARR-T22-18L,2019
LEMD,ARR,T22,18R,334,334,7.333333333333333,ARR-T22-18R,2019
LEMD,ARR,T22,32L,1152,1152,2.7333333333333334,ARR-T22-32L,2019
LEMD,ARR,T22,32R,797,797,9.033333333333333,ARR-T22-32R,2019
LEMD,ARR,T23,18L,401,401,9.833333333333334,ARR-T23-18L,2019
LEMD,ARR,T23,18R,258,258,6.823333333333332,ARR-T23-18R,2019
LEMD,ARR,T23,32L,790,790,2.55,ARR-T23-32L,2019
LEMD,ARR,T23,32R,888,888,8.54,ARR-T23-32R,2019
LEMD,ARR,T24,18L,605,605,9.866666666666667,ARR-T24-18L,2019
LEMD,ARR,T24,18R,90,90,6.176666666666668,ARR-T24-18R,2019
LEMD,ARR,T24,32L,463,463,2.466666666666667,ARR-T24-32L,2019
LEMD,ARR,T24,32R,1325,1325,8.55,ARR-T24-32R,2019
LEMD,ARR,T25,18L,457,457,9.566666666666666,ARR-T25-18L,2019
LEMD,ARR,T25,18R,151,151,6.15,ARR-T25-18R,2019
LEMD,ARR,T25,32L,546,546,2.3833333333333333,ARR-T25-32L,2019
LEMD,ARR,T25,32R,991,991,8.3,ARR-T25-32R,2019
LEMD,ARR,T26,18L,426,426,9.616666666666667,ARR-T26-18L,2019
LEMD,ARR,T26,18R,167,167,6.206666666666667,ARR-T26-18R,2019
LEMD,ARR,T26,32L,539,539,2.35,ARR-T26-32L,2019
LEMD,ARR,T26,32R,993,993,8.173333333333334,ARR-T26-32R,2019
LEMD,ARR,T27,18L,483,483,9.156666666666666,ARR-T27-18L,2019
LEMD,ARR,T27,18R,134,134,5.75,ARR-T27-18R,2019
LEMD,ARR,T27,32L,524,524,2.226666666666667,ARR-T27-32L,2019
LEMD,ARR,T27,32R,959,959,8.11,ARR-T27-32R,2019
LEMD,ARR,T28,18L,328,328,9.239999999999998,ARR-T28-18L,2019
LEMD,ARR,T28,18R,195,195,6.1033333333333335,ARR-T28-18R,2019
LEMD,ARR,T28,32L,619,619,2.25,ARR-T28-32L,2019
LEMD,ARR,T28,32R,668,668,8.023333333333333,ARR-T28-32R,2019
LEMD,ARR,T29,18L,264,264,9.813333333333334,ARR-T29-18L,2019
LEMD,ARR,T29,18R,158,158,6.4,ARR-T29-18R,2019
LEMD,ARR,T29,32L,507,507,2.5366666666666666,ARR-T29-32L,2019
LEMD,ARR,T29,32R,632,632,8.833333333333334,ARR-T29-32R,2019
LEMD,ARR,T3,18L,192,192,15.026666666666667,ARR-T3-18L,2019
LEMD,ARR,T3,18R,182,182,10.986666666666666,ARR-T3-18R,2019
LEMD,ARR,T3,32L,573,573,6.566666666666666,ARR-T3-32L,2019
LEMD,ARR,T3,32R,543,543,13.55,ARR-T3-32R,2019
LEMD,ARR,T30,18L,245,245,9.246666666666666,ARR-T30-18L,2019
LEMD,ARR,T30,18R,162,162,5.926666666666667,ARR-T30-18R,2019
LEMD,ARR,T30,32L,461,461,2.3,ARR-T30-32L,2019
LEMD,ARR,T30,32R,539,539,8.226666666666667,ARR-T30-32R,2019
LEMD,ARR,T31,18L,253,253,9.273333333333333,ARR-T31-18L,2019
LEMD,ARR,T31,18R,173,173,6.083333333333333,ARR-T31-18R,2019
LEMD,ARR,T31,32L,575,575,2.2666666666666666,ARR-T31-32L,2019
LEMD,ARR,T31,32R,486,486,8.216666666666667,ARR-T31-32R,2019
LEMD,ARR,T32,18L,222,222,9.566666666666666,ARR-T32-18L,2019
LEMD,ARR,T32,18R,178,178,6.093333333333334,ARR-T32-18R,2019
LEMD,ARR,T32,32L,661,661,2.4,ARR-T32-32L,2019
LEMD,ARR,T32,32R,419,419,8.216666666666667,ARR-T32-32R,2019
LEMD,ARR,T33,18L,213,213,9.573333333333334,ARR-T33-18L,2019
LEMD,ARR,T33,18R,163,163,6.163333333333334,ARR-T33-18R,2019
LEMD,ARR,T33,32L,538,538,2.4833333333333334,ARR-T33-32L,2019
LEMD,ARR,T33,32R,403,403,8.216666666666667,ARR-T33-32R,2019
LEMD,ARR,T34,18L,220,220,9.51,ARR-T34-18L,2019
LEMD,ARR,T34,18R,167,167,6.323333333333333,ARR-T34-18R,2019
LEMD,ARR,T34,32L,762,762,2.533333333333333,ARR-T34-32L,2019
LEMD,ARR,T34,32R,557,557,8.416666666666666,ARR-T34-32R,2019
LEMD,ARR,T35,18L,275,275,9.596666666666666,ARR-T35-18L,2019
LEMD,ARR,T35,18R,147,147,6.5200000000000005,ARR-T35-18R,2019
LEMD,ARR,T35,32L,515,515,2.7666666666666666,ARR-T35-32L,2019
LEMD,ARR,T35,32R,484,484,8.416666666666666,ARR-T35-32R,2019
LEMD,ARR,T36,18L,145,145,9.21,ARR-T36-18L,2019
LEMD,ARR,T36,18R,185,185,6.383333333333334,ARR-T36-18R,2019
LEMD,ARR,T36,32L,546,546,2.466666666666667,ARR-T36-32L,2019
LEMD,ARR,T36,32R,254,254,8.233333333333333,ARR-T36-32R,2019
LEMD,ARR,T37,18L,110,110,9.67,ARR-T37-18L,2019
LEMD,ARR,T37,18R,199,199,6.51,ARR-T37-18R,2019
LEMD,ARR,T37,32L,503,503,2.45,ARR-T37-32L,2019
LEMD,ARR,T37,32R,176,176,8.45,ARR-T37-32R,2019
LEMD,ARR,T38,18L,32,32,9.436666666666667,ARR-T38-18L,2019
LEMD,ARR,T38,18R,88,88,6.456666666666667,ARR-T38-18R,2019
LEMD,ARR,T38,32L,203,203,2.5833333333333335,ARR-T38-32L,2019
LEMD,ARR,T38,32R,81,81,8.816666666666666,ARR-T38-32R,2019
LEMD,ARR,T39,18L,66,66,9.666666666666666,ARR-T39-18L,2019
LEMD,ARR,T39,18R,134,134,6.32,ARR-T39-18R,2019
LEMD,ARR,T39,32L,366,366,2.533333333333333,ARR-T39-32L,2019
LEMD,ARR,T39,32R,161,161,8.7,ARR-T39-32R,2019
LEMD,ARR,T4,18L,192,192,12.773333333333333,ARR-T4-18L,2019
LEMD,ARR,T4,18R,149,149,9.31,ARR-T4-18R,2019
LEMD,ARR,T4,32L,486,486,5.066666666666666,ARR-T4-32L,2019
LEMD,ARR,T4,32R,554,554,11.943333333333332,ARR-T4-32R,2019
LEMD,ARR,T40,18L,71,71,9.933333333333334,ARR-T40-18L,2019
LEMD,ARR,T40,18R,105,105,6.446666666666667,ARR-T40-18R,2019
LEMD,ARR,T40,32L,293,293,2.963333333333334,ARR-T40-32L,2019
LEMD,ARR,T40,32R,143,143,8.793333333333335,ARR-T40-32R,2019
LEMD,ARR,T5,18L,229,229,13,ARR-T5-18L,2019
LEMD,ARR,T5,18R,154,154,8.85,ARR-T5-18R,2019
LEMD,ARR,T5,32L,521,521,4.866666666666666,ARR-T5-32L,2019
LEMD,ARR,T5,32R,571,571,11.466666666666667,ARR-T5-32R,2019
LEMD,ARR,T6,18L,186,186,11.866666666666667,ARR-T6-18L,2019
LEMD,ARR,T6,18R,115,115,8,ARR-T6-18R,2019
LEMD,ARR,T6,32L,423,423,4.166666666666667,ARR-T6-32L,2019
LEMD,ARR,T6,32R,470,470,10.46,ARR-T6-32R,2019
LEMD,ARR,T6W,18L,70,70,13.273333333333333,ARR-T6W-18L,2019
LEMD,ARR,T6W,18R,72,72,9.216666666666667,ARR-T6W-18R,2019
LEMD,ARR,T6W,32L,250,250,5.13,ARR-T6W-32L,2019
LEMD,ARR,T6W,32R,199,199,11.353333333333333,ARR-T6W-32R,2019
LEMD,ARR,T7,18L,209,209,11.476666666666667,ARR-T7-18L,2019
LEMD,ARR,T7,18R,117,117,9.093333333333334,ARR-T7-18R,2019
LEMD,ARR,T7,32L,426,426,4.116666666666666,ARR-T7-32L,2019
LEMD,ARR,T7,32R,495,495,9.979999999999999,ARR-T7-32R,2019
LEMD,ARR,T8,18L,353,353,12.563333333333334,ARR-T8-18L,2019
LEMD,ARR,T8,18R,163,163,8.583333333333334,ARR-T8-18R,2019
LEMD,ARR,T8,32L,568,568,4.433333333333334,ARR-T8-32L,2019
LEMD,ARR,T8,32R,839,839,11.216666666666667,ARR-T8-32R,2019
LEMD,ARR,T9,18L,293,293,10.763333333333334,ARR-T9-18L,2019
LEMD,ARR,T9,18R,176,176,7.866666666666666,ARR-T9-18R,2019
LEMD,ARR,T9,32L,581,581,3.9166666666666665,ARR-T9-32L,2019
LEMD,ARR,T9,32R,710,710,9.663333333333334,ARR-T9-32R,2019
LEMD,ARR,T9W,18L,30,30,12.239999999999998,ARR-T9W-18L,2019
LEMD,ARR,T9W,32L,81,81,5.233333333333333,ARR-T9W-32L,2019
LEMD,ARR,T9W,32R,188,188,11.256666666666668,ARR-T9W-32R,2019
LEMD,ARR,UNKNOWN,18L,117,117,7.633333333333334,ARR-UNKNOWN-18L,2019
LEMD,ARR,UNKNOWN,18R,235,235,5.696666666666667,ARR-UNKNOWN-18R,2019
LEMD,ARR,UNKNOWN,32L,649,649,4.133333333333334,ARR-UNKNOWN-32L,2019
LEMD,ARR,UNKNOWN,32R,277,277,5.283333333333333,ARR-UNKNOWN-32R,2019
LEMD,DEP,0,36L,101,101,7.466666666666667,DEP-0-36L,2019
LEMD,DEP,0,36R,108,108,10.546666666666667,DEP-0-36R,2019
LEMD,DEP,1,36L,68,68,8.383333333333333,DEP-1-36L,2019
LEMD,DEP,1,36R,71,71,10.95,DEP-1-36R,2019
LEMD,DEP,10,14L,87,87,10.89,DEP-10-14L,2019
LEMD,DEP,10,14R,62,62,7.75,DEP-10-14R,2019
LEMD,DEP,10,36L,320,320,8.966666666666667,DEP-10-36L,2019
LEMD,DEP,10,36R,167,167,11.690000000000001,DEP-10-36R,2019
LEMD,DEP,100,36L,37,37,15.896666666666665,DEP-100-36L,2019
LEMD,DEP,100,36R,47,47,19.996666666666666,DEP-100-36R,2019
LEMD,DEP,101,36L,40,40,18.91,DEP-101-36L,2019
LEMD,DEP,101,36R,44,44,19.773333333333333,DEP-101-36R,2019
LEMD,DEP,102,36R,46,46,19.866666666666667,DEP-102-36R,2019
LEMD,DEP,104,36L,30,30,18.116666666666667,DEP-104-36L,2019
LEMD,DEP,104,36R,44,44,19.516666666666666,DEP-104-36R,2019
LEMD,DEP,105,36R,42,42,20.203333333333333,DEP-105-36R,2019
LEMD,DEP,106,36R,30,30,20.603333333333335,DEP-106-36R,2019
LEMD,DEP,11,14L,93,93,10.873333333333335,DEP-11-14L,2019
LEMD,DEP,11,14R,59,59,7.030000000000001,DEP-11-14R,2019
LEMD,DEP,11,36L,334,334,8.81,DEP-11-36L,2019
LEMD,DEP,11,36R,216,216,11.583333333333334,DEP-11-36R,2019
LEMD,DEP,12,14L,78,78,11.633333333333333,DEP-12-14L,2019
LEMD,DEP,12,14R,43,43,7.720000000000001,DEP-12-14R,2019
LEMD,DEP,12,36L,251,251,9.3,DEP-12-36L,2019
LEMD,DEP,12,36R,234,234,12.443333333333333,DEP-12-36R,2019
LEMD,DEP,13,14L,78,78,11.436666666666666,DEP-13-14L,2019
LEMD,DEP,13,14R,42,42,8.203333333333333,DEP-13-14R,2019
LEMD,DEP,13,36L,308,308,9.216666666666667,DEP-13-36L,2019
LEMD,DEP,13,36R,176,176,12.283333333333333,DEP-13-36R,2019
LEMD,DEP,130,14L,65,65,15.116666666666665,DEP-130-14L,2019
LEMD,DEP,130,14R,59,59,10.983333333333334,DEP-130-14R,2019
LEMD,DEP,130,36L,128,128,12.91,DEP-130-36L,2019
LEMD,DEP,130,36R,156,156,16.683333333333334,DEP-130-36R,2019
LEMD,DEP,132,14L,70,70,15.343333333333334,DEP-132-14L,2019
LEMD,DEP,132,14R,39,39,11.096666666666668,DEP-132-14R,2019
LEMD,DEP,132,36L,81,81,12.35,DEP-132-36L,2019
LEMD,DEP,132,36R,136,136,16.3,DEP-132-36R,2019
LEMD,DEP,134,14L,58,58,15.746666666666666,DEP-134-14L,2019
LEMD,DEP,134,14R,49,49,10.793333333333333,DEP-134-14R,2019
LEMD,DEP,134,36L,95,95,12.973333333333333,DEP-134-36L,2019
LEMD,DEP,134,36R,146,146,15.983333333333333,DEP-134-36R,2019
LEMD,DEP,136,36L,37,37,16.87,DEP-136-36L,2019
LEMD,DEP,136,36R,48,48,20.073333333333334,DEP-136-36R,2019
LEMD,DEP,138,36L,33,33,17.16,DEP-138-36L,2019
LEMD,DEP,138,36R,42,42,20.363333333333333,DEP-138-36R,2019
LEMD,DEP,14,14L,88,88,12.383333333333333,DEP-14-14L,2019
LEMD,DEP,14,14R,30,30,7.94,DEP-14-14R,2019
LEMD,DEP,14,36L,300,300,9.433333333333334,DEP-14-36L,2019
LEMD,DEP,14,36R,174,174,12.926666666666666,DEP-14-36R,2019
LEMD,DEP,140,36L,45,45,15.87,DEP-140-36L,2019
LEMD,DEP,140,36R,45,45,21.163333333333334,DEP-140-36R,2019
LEMD,DEP,15,14L,69,69,11.96,DEP-15-14L,2019
LEMD,DEP,15,14R,35,35,7.423333333333334,DEP-15-14R,2019
LEMD,DEP,15,36L,256,256,9.666666666666666,DEP-15-36L,2019
LEMD,DEP,15,36R,181,181,12.266666666666667,DEP-15-36R,2019
LEMD,DEP,16,14L,90,90,11.3,DEP-16-14L,2019
LEMD,DEP,16,14R,43,43,7.793333333333334,DEP-16-14R,2019
LEMD,DEP,16,36L,303,303,9.666666666666666,DEP-16-36L,2019
LEMD,DEP,16,36R,218,218,12.34,DEP-16-36R,2019
LEMD,DEP,17,14L,74,74,12.283333333333333,DEP-17-14L,2019
LEMD,DEP,17,14R,41,41,7.333333333333333,DEP-17-14R,2019
LEMD,DEP,17,36L,230,230,9.263333333333334,DEP-17-36L,2019
LEMD,DEP,17,36R,192,192,12.383333333333333,DEP-17-36R,2019
LEMD,DEP,2,36L,61,61,8.1,DEP-2-36L,2019
LEMD,DEP,2,36R,78,78,10.836666666666666,DEP-2-36R,2019
LEMD,DEP,200,14L,68,68,15.19,DEP-200-14L,2019
LEMD,DEP,200,14R,36,36,10.883333333333333,DEP-200-14R,2019
LEMD,DEP,200,36L,228,228,12.280000000000001,DEP-200-36L,2019
LEMD,DEP,200,36R,189,189,15.683333333333334,DEP-200-36R,2019
LEMD,DEP,201,14L,61,61,14.666666666666666,DEP-201-14L,2019
LEMD,DEP,201,14R,31,31,11.15,DEP-201-14R,2019
LEMD,DEP,201,36L,222,222,12.486666666666666,DEP-201-36L,2019
LEMD,DEP,201,36R,138,138,15.440000000000001,DEP-201-36R,2019
LEMD,DEP,202,14L,45,45,14.013333333333334,DEP-202-14L,2019
LEMD,DEP,202,36L,188,188,12.456666666666667,DEP-202-36L,2019
LEMD,DEP,202,36R,108,108,15.773333333333333,DEP-202-36R,2019
LEMD,DEP,203,14L,39,39,15.046666666666669,DEP-203-14L,2019
LEMD,DEP,203,36L,192,192,12.493333333333332,DEP-203-36L,2019
LEMD,DEP,203,36R,111,111,16.25,DEP-203-36R,2019
LEMD,DEP,204,14L,43,43,14.916666666666666,DEP-204-14L,2019
LEMD,DEP,204,14R,32,32,10.983333333333334,DEP-204-14R,2019
LEMD,DEP,204,36L,194,194,12.36,DEP-204-36L,2019
LEMD,DEP,204,36R,100,100,15.833333333333332,DEP-204-36R,2019
LEMD,DEP,205,14L,56,56,15.283333333333333,DEP-205-14L,2019
LEMD,DEP,205,36L,204,204,12.95,DEP-205-36L,2019
LEMD,DEP,205,36R,86,86,16.833333333333332,DEP-205-36R,2019
LEMD,DEP,206,14L,38,38,14.193333333333333,DEP-206-14L,2019
LEMD,DEP,206,36L,171,171,12.616666666666667,DEP-206-36L,2019
LEMD,DEP,206,36R,91,91,16.333333333333332,DEP-206-36R,2019
LEMD,DEP,207,36L,133,133,12.483333333333334,DEP-207-36L,2019
LEMD,DEP,207,36R,92,92,17.21333333333333,DEP-207-36R,2019
LEMD,DEP,208,14L,47,47,15.193333333333333,DEP-208-14L,2019
LEMD,DEP,208,14R,43,43,12.406666666666666,DEP-208-14R,2019
LEMD,DEP,208,36L,221,221,13.016666666666667,DEP-208-36L,2019
LEMD,DEP,208,36R,118,118,16.836666666666666,DEP-208-36R,2019
LEMD,DEP,210,36L,105,105,11.153333333333332,DEP-210-36L,2019
LEMD,DEP,212,36L,75,75,10.926666666666668,DEP-212-36L,2019
LEMD,DEP,213,14L,39,39,13.030000000000001,DEP-213-14L,2019
LEMD,DEP,213,36L,163,163,12.316666666666666,DEP-213-36L,2019
LEMD,DEP,213,36R,40,40,15.333333333333332,DEP-213-36R,2019
LEMD,DEP,215,14L,64,64,13.426666666666668,DEP-215-14L,2019
LEMD,DEP,215,36L,39,39,12.66,DEP-215-36L,2019
LEMD,DEP,215,36R,163,163,14.423333333333332,DEP-215-36R,2019
LEMD,DEP,216,36L,50,50,10.373333333333333,DEP-216-36L,2019
LEMD,DEP,217,14L,31,31,14.783333333333333,DEP-217-14L,2019
LEMD,DEP,217,36L,30,30,13.11,DEP-217-36L,2019
LEMD,DEP,217,36R,81,81,15.483333333333333,DEP-217-36R,2019
LEMD,DEP,218,36L,36,36,11.6,DEP-218-36L,2019
LEMD,DEP,221,14L,48,48,13.649999999999999,DEP-221-14L,2019
LEMD,DEP,221,36L,46,46,13.05,DEP-221-36L,2019
LEMD,DEP,221,36R,128,128,15.7,DEP-221-36R,2019
LEMD,DEP,222,36L,33,33,10.733333333333334,DEP-222-36L,2019
LEMD,DEP,223,14L,78,78,13.8,DEP-223-14L,2019
LEMD,DEP,223,36L,76,76,11.933333333333334,DEP-223-36L,2019
LEMD,DEP,223,36R,228,228,15.18,DEP-223-36R,2019
LEMD,DEP,225,14L,69,69,13.506666666666666,DEP-225-14L,2019
LEMD,DEP,225,36L,75,75,12.08,DEP-225-36L,2019
LEMD,DEP,225,36R,176,176,15.016666666666667,DEP-225-36R,2019
LEMD,DEP,227,14L,55,55,12.866666666666667,DEP-227-14L,2019
LEMD,DEP,227,36L,47,47,12.896666666666667,DEP-227-36L,2019
LEMD,DEP,227,36R,134,134,14.886666666666667,DEP-227-36R,2019
LEMD,DEP,230,14L,32,32,17.326666666666668,DEP-230-14L,2019
LEMD,DEP,230,36L,198,198,14.103333333333335,DEP-230-36L,2019
LEMD,DEP,230,36R,66,66,18.516666666666666,DEP-230-36R,2019
LEMD,DEP,243,36L,36,36,17.466666666666665,DEP-243-36L,2019
LEMD,DEP,244,36L,45,45,15.62,DEP-244-36L,2019
LEMD,DEP,3,14L,31,31,10.05,DEP-3-14L,2019
LEMD,DEP,3,14R,33,33,6.213333333333333,DEP-3-14R,2019
LEMD,DEP,3,36L,156,156,8.166666666666666,DEP-3-36L,2019
LEMD,DEP,3,36R,148,148,10.963333333333333,DEP-3-36R,2019
LEMD,DEP,30,36L,73,73,11.463333333333333,DEP-30-36L,2019
LEMD,DEP,30,36R,54,54,14.003333333333334,DEP-30-36R,2019
LEMD,DEP,300,14L,156,156,16.283333333333335,DEP-300-14L,2019
LEMD,DEP,300,14R,204,204,14.216666666666667,DEP-300-14R,2019
LEMD,DEP,300,36L,511,511,11.85,DEP-300-36L,2019
LEMD,DEP,300,36R,592,592,16.603333333333335,DEP-300-36R,2019
LEMD,DEP,302,14L,157,157,15.486666666666666,DEP-302-14L,2019
LEMD,DEP,302,14R,209,209,13.673333333333332,DEP-302-14R,2019
LEMD,DEP,302,36L,543,543,11.59,DEP-302-36L,2019
LEMD,DEP,302,36R,516,516,16.533333333333335,DEP-302-36R,2019
LEMD,DEP,304,14L,152,152,16.23,DEP-304-14L,2019
LEMD,DEP,304,14R,194,194,13.266666666666666,DEP-304-14R,2019
LEMD,DEP,304,36L,547,547,11.55,DEP-304-36L,2019
LEMD,DEP,304,36R,510,510,16.096666666666668,DEP-304-36R,2019
LEMD,DEP,306,14L,134,134,15.850000000000001,DEP-306-14L,2019
LEMD,DEP,306,14R,196,196,13.616666666666667,DEP-306-14R,2019
LEMD,DEP,306,36L,479,479,11.55,DEP-306-36L,2019
LEMD,DEP,306,36R,468,468,16.306666666666665,DEP-306-36R,2019
LEMD,DEP,308,14L,144,144,15.826666666666668,DEP-308-14L,2019
LEMD,DEP,308,14R,176,176,14,DEP-308-14R,2019
LEMD,DEP,308,36L,526,526,11.383333333333333,DEP-308-36L,2019
LEMD,DEP,308,36R,434,434,16.176666666666666,DEP-308-36R,2019
LEMD,DEP,31,14L,111,111,17.483333333333334,DEP-31-14L,2019
LEMD,DEP,31,14R,85,85,13.95,DEP-31-14R,2019
LEMD,DEP,31,36L,300,300,15.2,DEP-31-36L,2019
LEMD,DEP,31,36R,302,302,17.483333333333334,DEP-31-36R,2019
LEMD,DEP,310,14L,143,143,15.573333333333334,DEP-310-14L,2019
LEMD,DEP,310,14R,169,169,12.83,DEP-310-14R,2019
LEMD,DEP,310,36L,499,499,11.126666666666667,DEP-310-36L,2019
LEMD,DEP,310,36R,440,440,15.716666666666667,DEP-310-36R,2019
LEMD,DEP,312,14L,398,398,14.493333333333334,DEP-312-14L,2019
LEMD,DEP,312,14R,196,196,12.933333333333334,DEP-312-14R,2019
LEMD,DEP,312,36L,475,475,10.9,DEP-312-36L,2019
LEMD,DEP,312,36R,1273,1273,15.24,DEP-312-36R,2019
LEMD,DEP,32,14L,136,136,17.616666666666667,DEP-32-14L,2019
LEMD,DEP,32,14R,53,53,14.560000000000002,DEP-32-14R,2019
LEMD,DEP,32,36L,250,250,14.810000000000002,DEP-32-36L,2019
LEMD,DEP,32,36R,283,283,18.03,DEP-32-36R,2019
LEMD,DEP,320,14L,381,381,13.966666666666667,DEP-320-14L,2019
LEMD,DEP,320,14R,180,180,11.55,DEP-320-14R,2019
LEMD,DEP,320,36L,452,452,10.406666666666666,DEP-320-36L,2019
LEMD,DEP,320,36R,1212,1212,14.753333333333334,DEP-320-36R,2019
LEMD,DEP,322,14L,334,334,14.293333333333333,DEP-322-14L,2019
LEMD,DEP,322,14R,159,159,12.16,DEP-322-14R,2019
LEMD,DEP,322,36L,369,369,10.16,DEP-322-36L,2019
LEMD,DEP,322,36R,1040,1040,14.733333333333333,DEP-322-36R,2019
LEMD,DEP,324,14L,275,275,13.963333333333333,DEP-324-14L,2019
LEMD,DEP,324,14R,151,151,11.5,DEP-324-14R,2019
LEMD,DEP,324,36L,376,376,10.2,DEP-324-36L,2019
LEMD,DEP,324,36R,840,840,14.283333333333333,DEP-324-36R,2019
LEMD,DEP,326,14L,300,300,13.396666666666667,DEP-326-14L,2019
LEMD,DEP,326,14R,201,201,11.05,DEP-326-14R,2019
LEMD,DEP,326,36L,460,460,9.780000000000001,DEP-326-36L,2019
LEMD,DEP,326,36R,1016,1016,14.166666666666666,DEP-326-36R,2019
LEMD,DEP,328,14L,224,224,13.440000000000001,DEP-328-14L,2019
LEMD,DEP,328,14R,152,152,11.383333333333335,DEP-328-14R,2019
LEMD,DEP,328,36L,335,335,9.85,DEP-328-36L,2019
LEMD,DEP,328,36R,833,833,14.1,DEP-328-36R,2019
LEMD,DEP,329,14L,308,308,9.993333333333334,DEP-329-14L,2019
LEMD,DEP,329,14R,152,152,8.3533333333333335,DEP-329-14R,2019
LEMD,DEP,329,36L,323,323,6.533333333333333,DEP-329-36L,2019
LEMD,DEP,329,36R,989,989,10.686666666666667,DEP-329-36R,2019
LEMD,DEP,33,14L,108,108,18.52,DEP-33-14L,2019
LEMD,DEP,33,14R,48,48,14.633333333333333,DEP-33-14R,2019
LEMD,DEP,33,36L,283,283,15.7,DEP-33-36L,2019
LEMD,DEP,33,36R,278,278,18.53666666666667,DEP-33-36R,2019
LEMD,DEP,330,14L,312,312,13.936666666666667,DEP-330-14L,2019
LEMD,DEP,330,14R,133,133,11.85,DEP-330-14R,2019
LEMD,DEP,330,36L,278,278,10.190000000000001,DEP-330-36L,2019
LEMD,DEP,330,36R,978,978,14.579999999999998,DEP-330-36R,2019
LEMD,DEP,332,14L,194,194,14.076666666666668,DEP-332-14L,2019
LEMD,DEP,332,14R,296,296,11.35,DEP-332-14R,2019
LEMD,DEP,332,36L,759,759,9.693333333333333,DEP-332-36L,2019
LEMD,DEP,332,36R,603,603,14.05,DEP-332-36R,2019
LEMD,DEP,334,14L,203,203,13.946666666666667,DEP-334-14L,2019
LEMD,DEP,334,14R,255,255,11.193333333333332,DEP-334-14R,2019
LEMD,DEP,334,36L,741,741,9.933333333333334,DEP-334-36L,2019
LEMD,DEP,334,36R,556,556,14.55,DEP-334-36R,2019
LEMD,DEP,336,14L,202,202,13.466666666666667,DEP-336-14L,2019
LEMD,DEP,336,14R,259,259,11.486666666666666,DEP-336-14R,2019
LEMD,DEP,336,36L,728,728,9.716666666666667,DEP-336-36L,2019
LEMD,DEP,336,36R,585,585,14.313333333333334,DEP-336-36R,2019
LEMD,DEP,338,14L,212,212,13.55,DEP-338-14L,2019
LEMD,DEP,338,14R,256,256,11.15,DEP-338-14R,2019
LEMD,DEP,338,36L,696,696,9.483333333333333,DEP-338-36L,2019
LEMD,DEP,338,36R,596,596,14.183333333333334,DEP-338-36R,2019
LEMD,DEP,34,14L,123,123,15.07,DEP-34-14L,2019
LEMD,DEP,34,14R,78,78,10.596666666666668,DEP-34-14R,2019
LEMD,DEP,34,36L,311,311,11.433333333333334,DEP-34-36L,2019
LEMD,DEP,34,36R,336,336,14.516666666666667,DEP-34-36R,2019
LEMD,DEP,340,14L,215,215,13.546666666666667,DEP-340-14L,2019
LEMD,DEP,340,14R,255,255,10.63,DEP-340-14R,2019
LEMD,DEP,340,36L,685,685,9.513333333333335,DEP-340-36L,2019
LEMD,DEP,340,36R,629,629,14.116666666666667,DEP-340-36R,2019
LEMD,DEP,342,14L,257,257,13.536666666666667,DEP-342-14L,2019
LEMD,DEP,342,14R,265,265,11.263333333333334,DEP-342-14R,2019
LEMD,DEP,342,36L,613,613,9.233333333333333,DEP-342-36L,2019
LEMD,DEP,342,36R,898,898,14.04,DEP-342-36R,2019
LEMD,DEP,344,14L,499,499,13.133333333333333,DEP-344-14L,2019
LEMD,DEP,344,14R,128,128,11.933333333333334,DEP-344-14R,2019
LEMD,DEP,344,36L,223,223,9.29,DEP-344-36L,2019
LEMD,DEP,344,36R,1438,1438,14,DEP-344-36R,2019
LEMD,DEP,346,14L,449,449,13.236666666666668,DEP-346-14L,2019
LEMD,DEP,346,14R,122,122,11.293333333333335,DEP-346-14R,2019
LEMD,DEP,346,36L,236,236,9.583333333333334,DEP-346-36L,2019
LEMD,DEP,346,36R,1353,1353,13.983333333333333,DEP-346-36R,2019
LEMD,DEP,348,14L,439,439,13.566666666666666,DEP-348-14L,2019
LEMD,DEP,348,14R,128,128,11.8,DEP-348-14R,2019
LEMD,DEP,348,36L,257,257,9.426666666666666,DEP-348-36L,2019
LEMD,DEP,348,36R,1311,1311,13.966666666666667,DEP-348-36R,2019
LEMD,DEP,35,14L,107,107,18.560000000000002,DEP-35-14L,2019
LEMD,DEP,35,14R,41,41,15.216666666666667,DEP-35-14R,2019
LEMD,DEP,35,36L,208,208,15.806666666666667,DEP-35-36L,2019
LEMD,DEP,35,36R,235,235,19,DEP-35-36R,2019
LEMD,DEP,350,14L,414,414,13.246666666666668,DEP-350-14L,2019
LEMD,DEP,350,14R,134,134,11.246666666666666,DEP-350-14R,2019
LEMD,DEP,350,36L,295,295,9.093333333333334,DEP-350-36L,2019
LEMD,DEP,350,36R,1193,1193,13.9,DEP-350-36R,2019
LEMD,DEP,352,14L,443,443,12.883333333333333,DEP-352-14L,2019
LEMD,DEP,352,14R,125,125,11.443333333333332,DEP-352-14R,2019
LEMD,DEP,352,36L,264,264,9.693333333333333,DEP-352-36L,2019
LEMD,DEP,352,36R,1201,1201,13.616666666666667,DEP-352-36R,2019
LEMD,DEP,354,14L,390,390,13.16,DEP-354-14L,2019
LEMD,DEP,354,14R,115,115,11.006666666666668,DEP-354-14R,2019
LEMD,DEP,354,36L,264,264,9.71,DEP-354-36L,2019
LEMD,DEP,354,36R,1177,1177,13.753333333333334,DEP-354-36R,2019
LEMD,DEP,356,14L,355,355,12.966666666666667,DEP-356-14L,2019
LEMD,DEP,356,14R,184,184,10.616666666666667,DEP-356-14R,2019
LEMD,DEP,356,36L,537,537,9.476666666666667,DEP-356-36L,2019
LEMD,DEP,356,36R,954,954,13.45,DEP-356-36R,2019
LEMD,DEP,358,14L,289,289,12.843333333333334,DEP-358-14L,2019
LEMD,DEP,358,14R,207,207,10.533333333333333,DEP-358-14R,2019
LEMD,DEP,358,36L,559,559,9.709999999999999,DEP-358-36L,2019
LEMD,DEP,358,36R,837,837,13.620000000000001,DEP-358-36R,2019
LEMD,DEP,36,14L,74,74,19.93,DEP-36-14L,2019
LEMD,DEP,36,14R,58,58,15.8,DEP-36-14R,2019
LEMD,DEP,36,36L,212,212,16.196666666666665,DEP-36-36L,2019
LEMD,DEP,36,36R,160,160,18.716666666666665,DEP-36-36R,2019
LEMD,DEP,360,14L,251,251,12.916666666666666,DEP-360-14L,2019
LEMD,DEP,360,14R,204,204,10.726666666666667,DEP-360-14R,2019
LEMD,DEP,360,36L,609,609,9.466666666666667,DEP-360-36L,2019
LEMD,DEP,360,36R,708,708,13.383333333333333,DEP-360-36R,2019
LEMD,DEP,362,14L,204,204,12.780000000000001,DEP-362-14L,2019
LEMD,DEP,362,14R,218,218,10.166666666666668,DEP-362-14R,2019
LEMD,DEP,362,36L,631,631,9.6,DEP-362-36L,2019
LEMD,DEP,362,36R,567,567,13.416666666666666,DEP-362-36R,2019
LEMD,DEP,364,14L,176,176,12.8,DEP-364-14L,2019
LEMD,DEP,364,14R,227,227,10.389999999999999,DEP-364-14R,2019
LEMD,DEP,364,36L,615,615,9.780000000000001,DEP-364-36L,2019
LEMD,DEP,364,36R,529,529,13.11,DEP-364-36R,2019
LEMD,DEP,366,14L,221,221,12.783333333333333,DEP-366-14L,2019
LEMD,DEP,366,14R,187,187,10.27,DEP-366-14R,2019
LEMD,DEP,366,36L,521,521,9.833333333333334,DEP-366-36L,2019
LEMD,DEP,366,36R,632,632,13.153333333333332,DEP-366-36R,2019
LEMD,DEP,368,14L,194,194,12.876666666666667,DEP-368-14L,2019
LEMD,DEP,368,14R,195,195,10.163333333333332,DEP-368-14R,2019
LEMD,DEP,368,36L,549,549,10.176666666666666,DEP-368-36L,2019
LEMD,DEP,368,36R,555,555,13.166666666666666,DEP-368-36R,2019
LEMD,DEP,37,14L,72,72,18.55,DEP-37-14L,2019
LEMD,DEP,37,14R,35,35,14.57,DEP-37-14R,2019
LEMD,DEP,37,36L,171,171,14.9,DEP-37-36L,2019
LEMD,DEP,37,36R,187,187,18.34,DEP-37-36R,2019
LEMD,DEP,370,14L,158,158,12.513333333333334,DEP-370-14L,2019
LEMD,DEP,370,14R,190,190,9.976666666666667,DEP-370-14R,2019
LEMD,DEP,370,36L,514,514,10.226666666666667,DEP-370-36L,2019
LEMD,DEP,370,36R,507,507,13.1,DEP-370-36R,2019
LEMD,DEP,372,14L,161,161,12.833333333333334,DEP-372-14L,2019
LEMD,DEP,372,14R,195,195,10.770000000000001,DEP-372-14R,2019
LEMD,DEP,372,36L,594,594,10.286666666666669,DEP-372-36L,2019
LEMD,DEP,372,36R,292,292,13.286666666666667,DEP-372-36R,2019
LEMD,DEP,374,14L,105,105,12.456666666666667,DEP-374-14L,2019
LEMD,DEP,374,14R,159,159,10.423333333333332,DEP-374-14R,2019
LEMD,DEP,374,36L,468,468,10.433333333333334,DEP-374-36L,2019
LEMD,DEP,374,36R,195,195,13.283333333333333,DEP-374-36R,2019
LEMD,DEP,376,14L,91,91,12.633333333333333,DEP-376-14L,2019
LEMD,DEP,376,14R,130,130,10,DEP-376-14R,2019
LEMD,DEP,376,36L,360,360,10.613333333333333,DEP-376-36L,2019
LEMD,DEP,376,36R,172,172,13.870000000000001,DEP-376-36R,2019
LEMD,DEP,378,14L,142,142,12.466666666666667,DEP-378-14L,2019
LEMD,DEP,378,14R,263,263,10.696666666666667,DEP-378-14R,2019
LEMD,DEP,378,36L,690,690,10.196666666666667,DEP-378-36L,2019
LEMD,DEP,378,36R,325,325,13.45,DEP-378-36R,2019
LEMD,DEP,380,14L,102,102,13.303333333333335,DEP-380-14L,2019
LEMD,DEP,380,14R,214,214,11.173333333333332,DEP-380-14R,2019
LEMD,DEP,380,36L,531,531,11.166666666666666,DEP-380-36L,2019
LEMD,DEP,380,36R,214,214,14.156666666666668,DEP-380-36R,2019
LEMD,DEP,382,14L,78,78,14.023333333333332,DEP-382-14L,2019
LEMD,DEP,382,14R,149,149,11.31,DEP-382-14R,2019
LEMD,DEP,382,36L,364,364,11.1,DEP-382-36L,2019
LEMD,DEP,382,36R,144,144,14.309999999999999,DEP-382-36R,2019
LEMD,DEP,384,14L,80,80,13.563333333333333,DEP-384-14L,2019
LEMD,DEP,384,14R,99,99,11.61,DEP-384-14R,2019
LEMD,DEP,384,36L,313,313,10.933333333333334,DEP-384-36L,2019
LEMD,DEP,384,36R,126,126,14.316666666666666,DEP-384-36R,2019
LEMD,DEP,386,14L,137,137,13.503333333333334,DEP-386-14L,2019
LEMD,DEP,386,14R,226,226,11.45,DEP-386-14R,2019
LEMD,DEP,386,36L,553,553,11.016666666666667,DEP-386-36L,2019
LEMD,DEP,386,36R,463,463,14.506666666666668,DEP-386-36R,2019
LEMD,DEP,388,14L,147,147,14.120000000000001,DEP-388-14L,2019
LEMD,DEP,388,14R,152,152,11.566666666666668,DEP-388-14R,2019
LEMD,DEP,388,36L,470,470,11.85,DEP-388-36L,2019
LEMD,DEP,388,36R,415,415,14.8,DEP-388-36R,2019
LEMD,DEP,390,14L,146,146,14.066666666666666,DEP-390-14L,2019
LEMD,DEP,390,14R,136,136,12.216666666666667,DEP-390-14R,2019
LEMD,DEP,390,36L,437,437,11.883333333333333,DEP-390-36L,2019
LEMD,DEP,390,36R,386,386,14.616666666666667,DEP-390-36R,2019
LEMD,DEP,392,14L,116,116,14.583333333333334,DEP-392-14L,2019
LEMD,DEP,392,14R,142,142,11.906666666666666,DEP-392-14R,2019
LEMD,DEP,392,36L,394,394,12.093333333333334,DEP-392-36L,2019
LEMD,DEP,392,36R,385,385,15.196666666666667,DEP-392-36R,2019
LEMD,DEP,394,14L,97,97,15.076666666666668,DEP-394-14L,2019
LEMD,DEP,394,14R,116,116,13.1,DEP-394-14R,2019
LEMD,DEP,394,36L,346,346,12.7,DEP-394-36L,2019
LEMD,DEP,394,36R,344,344,15.683333333333334,DEP-394-36R,2019
LEMD,DEP,4,14L,43,43,10.136666666666667,DEP-4-14L,2019
LEMD,DEP,4,14R,32,32,6.243333333333333,DEP-4-14R,2019
LEMD,DEP,4,36L,124,124,7.859999999999999,DEP-4-36L,2019
LEMD,DEP,4,36R,138,138,11.013333333333334,DEP-4-36R,2019
LEMD,DEP,40,14L,40,40,15.959999999999999,DEP-40-14L,2019
LEMD,DEP,40,14R,46,46,12.416666666666666,DEP-40-14R,2019
LEMD,DEP,40,36L,219,219,13.266666666666666,DEP-40-36L,2019
LEMD,DEP,40,36R,94,94,15.866666666666667,DEP-40-36R,2019
LEMD,DEP,402,14L,122,122,10.216666666666667,DEP-402-14L,2019
LEMD,DEP,402,14R,69,69,8.063333333333334,DEP-402-14R,2019
LEMD,DEP,402,36L,151,151,6.633333333333334,DEP-402-36L,2019
LEMD,DEP,402,36R,322,322,10.85,DEP-402-36R,2019
LEMD,DEP,404,14L,131,131,10.783333333333333,DEP-404-14L,2019
LEMD,DEP,404,14R,57,57,8.343333333333334,DEP-404-14R,2019
LEMD,DEP,404,36L,147,147,6.553333333333334,DEP-404-36L,2019
LEMD,DEP,404,36R,305,305,10.826666666666666,DEP-404-36R,2019
LEMD,DEP,406,14L,125,125,10.706666666666667,DEP-406-14L,2019
LEMD,DEP,406,14R,62,62,8.05,DEP-406-14R,2019
LEMD,DEP,406,36L,139,139,6.756666666666666,DEP-406-36L,2019
LEMD,DEP,406,36R,296,296,11.3,DEP-406-36R,2019
LEMD,DEP,408,14L,114,114,10.57,DEP-408-14L,2019
LEMD,DEP,408,14R,94,94,8.61,DEP-408-14R,2019
LEMD,DEP,408,36L,203,203,6.8966666666666665,DEP-408-36L,2019
LEMD,DEP,408,36R,385,385,10.71,DEP-408-36R,2019
LEMD,DEP,41,14L,36,36,16.383333333333333,DEP-41-14L,2019
LEMD,DEP,41,14R,61,61,11.3,DEP-41-14R,2019
LEMD,DEP,41,36L,232,232,12.986666666666666,DEP-41-36L,2019
LEMD,DEP,41,36R,94,94,15.596666666666668,DEP-41-36R,2019
LEMD,DEP,410,14L,104,104,10.203333333333333,DEP-410-14L,2019
LEMD,DEP,410,14R,69,69,9.286666666666667,DEP-410-14R,2019
LEMD,DEP,410,36L,153,153,7.216666666666667,DEP-410-36L,2019
LEMD,DEP,410,36R,317,317,11.003333333333334,DEP-410-36R,2019
LEMD,DEP,411,14L,72,72,10.536666666666667,DEP-411-14L,2019
LEMD,DEP,411,14R,57,57,8.553333333333333,DEP-411-14R,2019
LEMD,DEP,411,36L,120,120,7.233333333333333,DEP-411-36L,2019
LEMD,DEP,411,36R,221,221,11.1,DEP-411-36R,2019
LEMD,DEP,412,14L,77,77,11.223333333333333,DEP-412-14L,2019
LEMD,DEP,412,14R,64,64,8.883333333333333,DEP-412-14R,2019
LEMD,DEP,412,36L,111,111,6.966666666666667,DEP-412-36L,2019
LEMD,DEP,412,36R,258,258,11.280000000000001,DEP-412-36R,2019
LEMD,DEP,413,14L,78,78,11.416666666666666,DEP-413-14L,2019
LEMD,DEP,413,14R,49,49,8.183333333333334,DEP-413-14R,2019
LEMD,DEP,413,36L,96,96,7.3,DEP-413-36L,2019
LEMD,DEP,413,36R,200,200,11.543333333333335,DEP-413-36R,2019
LEMD,DEP,414,14L,72,72,11.149999999999999,DEP-414-14L,2019
LEMD,DEP,414,14R,55,55,8.753333333333334,DEP-414-14R,2019
LEMD,DEP,414,36L,90,90,6.920000000000001,DEP-414-36L,2019
LEMD,DEP,414,36R,151,151,11.433333333333334,DEP-414-36R,2019
LEMD,DEP,415,14L,40,40,10.696666666666667,DEP-415-14L,2019
LEMD,DEP,415,14R,49,49,8.953333333333333,DEP-415-14R,2019
LEMD,DEP,415,36L,75,75,6.966666666666667,DEP-415-36L,2019
LEMD,DEP,415,36R,144,144,11.283333333333333,DEP-415-36R,2019
LEMD,DEP,416,14L,35,35,10.599999999999998,DEP-416-14L,2019
LEMD,DEP,416,36L,57,57,6.773333333333333,DEP-416-36L,2019
LEMD,DEP,416,36R,103,103,11.026666666666667,DEP-416-36R,2019
LEMD,DEP,417,36L,34,34,6.43,DEP-417-36L,2019
LEMD,DEP,417,36R,57,57,12.13,DEP-417-36R,2019
LEMD,DEP,418,36R,48,48,11.55,DEP-418-36R,2019
LEMD,DEP,42,14L,34,34,15.923333333333334,DEP-42-14L,2019
LEMD,DEP,42,14R,39,39,11.370000000000001,DEP-42-14R,2019
LEMD,DEP,42,36L,185,185,13.133333333333333,DEP-42-36L,2019
LEMD,DEP,42,36R,76,76,15.816666666666666,DEP-42-36R,2019
LEMD,DEP,420,14L,39,39,9.276666666666667,DEP-420-14L,2019
LEMD,DEP,420,14R,45,45,8.283333333333335,DEP-420-14R,2019
LEMD,DEP,420,36L,119,119,6.583333333333333,DEP-420-36L,2019
LEMD,DEP,420,36R,111,111,10.9,DEP-420-36R,2019
LEMD,DEP,422,14L,39,39,10.583333333333334,DEP-422-14L,2019
LEMD,DEP,422,14R,36,36,8,DEP-422-14R,2019
LEMD,DEP,422,36L,95,95,6.49,DEP-422-36L,2019
LEMD,DEP,422,36R,105,105,10.286666666666667,DEP-422-36R,2019
LEMD,DEP,424,14R,30,30,7.563333333333334,DEP-424-14R,2019
LEMD,DEP,424,36L,93,93,6.08,DEP-424-36L,2019
LEMD,DEP,424,36R,77,77,10.956666666666665,DEP-424-36R,2019
LEMD,DEP,426,36L,67,67,6.116666666666667,DEP-426-36L,2019
LEMD,DEP,426,36R,70,70,10.53,DEP-426-36R,2019
LEMD,DEP,428,36L,47,47,6.513333333333334,DEP-428-36L,2019
LEMD,DEP,428,36R,59,59,10.8,DEP-428-36R,2019
LEMD,DEP,43,14L,34,34,16.766666666666666,DEP-43-14L,2019
LEMD,DEP,43,14R,37,37,13.436666666666666,DEP-43-14R,2019
LEMD,DEP,43,36L,190,190,13.456666666666667,DEP-43-36L,2019
LEMD,DEP,43,36R,66,66,16.216666666666665,DEP-43-36R,2019
LEMD,DEP,430,36L,32,32,6.133333333333333,DEP-430-36L,2019
LEMD,DEP,430,36R,42,42,10.463333333333333,DEP-430-36R,2019
LEMD,DEP,432,36L,43,43,5.913333333333333,DEP-432-36L,2019
LEMD,DEP,432,36R,36,36,10.416666666666666,DEP-432-36R,2019
LEMD,DEP,434,36L,30,30,5.763333333333334,DEP-434-36L,2019
LEMD,DEP,44,14L,51,51,17.833333333333332,DEP-44-14L,2019
LEMD,DEP,44,36L,133,133,14.946666666666669,DEP-44-36L,2019
LEMD,DEP,44,36R,149,149,18.01,DEP-44-36R,2019
LEMD,DEP,45,14L,44,44,17.316666666666666,DEP-45-14L,2019
LEMD,DEP,45,14R,33,33,13.913333333333334,DEP-45-14R,2019
LEMD,DEP,45,36L,152,152,14.623333333333335,DEP-45-36L,2019
LEMD,DEP,45,36R,144,144,17.426666666666666,DEP-45-36R,2019
LEMD,DEP,5,14L,38,38,10.27,DEP-5-14L,2019
LEMD,DEP,5,14R,30,30,6.566666666666666,DEP-5-14R,2019
LEMD,DEP,5,36L,156,156,8.166666666666666,DEP-5-36L,2019
LEMD,DEP,5,36R,131,131,10.833333333333334,DEP-5-36R,2019
LEMD,DEP,501,14L,56,56,14.416666666666666,DEP-501-14L,2019
LEMD,DEP,501,14R,170,170,13.283333333333335,DEP-501-14R,2019
LEMD,DEP,501,36L,495,495,11.373333333333333,DEP-501-36L,2019
LEMD,DEP,501,36R,152,152,13.293333333333335,DEP-501-36R,2019
LEMD,DEP,505,14L,59,59,13.626666666666667,DEP-505-14L,2019
LEMD,DEP,505,14R,107,107,14.263333333333334,DEP-505-14R,2019
LEMD,DEP,505,36L,268,268,11.636666666666667,DEP-505-36L,2019
LEMD,DEP,505,36R,130,130,13.329999999999998,DEP-505-36R,2019
LEMD,DEP,507,14L,152,152,17.473333333333333,DEP-507-14L,2019
LEMD,DEP,507,14R,47,47,15.933333333333334,DEP-507-14R,2019
LEMD,DEP,507,36L,70,70,14.28,DEP-507-36L,2019
LEMD,DEP,507,36R,368,368,15.283333333333333,DEP-507-36R,2019
LEMD,DEP,51,36L,54,54,14.2,DEP-51-36L,2019
LEMD,DEP,510,14L,39,39,11.843333333333334,DEP-510-14L,2019
LEMD,DEP,510,14R,90,90,10.796666666666667,DEP-510-14R,2019
LEMD,DEP,510,36L,268,268,8.726666666666667,DEP-510-36L,2019
LEMD,DEP,510,36R,186,186,10.316666666666666,DEP-510-36R,2019
LEMD,DEP,515,14L,96,96,14.3,DEP-515-14L,2019
LEMD,DEP,515,14R,152,152,13.746666666666666,DEP-515-14R,2019
LEMD,DEP,515,36L,462,462,11.336666666666666,DEP-515-36L,2019
LEMD,DEP,515,36R,149,149,12.296666666666667,DEP-515-36R,2019
LEMD,DEP,519,14L,72,72,14.313333333333334,DEP-519-14L,2019
LEMD,DEP,519,14R,149,149,13.703333333333333,DEP-519-14R,2019
LEMD,DEP,519,36L,482,482,11.576666666666666,DEP-519-36L,2019
LEMD,DEP,519,36R,101,101,12.083333333333334,DEP-519-36R,2019
LEMD,DEP,522,14L,209,209,11.85,DEP-522-14L,2019
LEMD,DEP,522,14R,192,192,10.653333333333332,DEP-522-14R,2019
LEMD,DEP,522,36L,522,522,9.036666666666667,DEP-522-36L,2019
LEMD,DEP,522,36R,517,517,9.370000000000001,DEP-522-36R,2019
LEMD,DEP,525,14L,70,70,14.003333333333334,DEP-525-14L,2019
LEMD,DEP,525,14R,136,136,14.766666666666667,DEP-525-14R,2019
LEMD,DEP,525,36L,438,438,12.073333333333334,DEP-525-36L,2019
LEMD,DEP,525,36R,143,143,12.71,DEP-525-36R,2019
LEMD,DEP,529,14L,80,80,12.836666666666666,DEP-529-14L,2019
LEMD,DEP,529,14R,149,149,13.510000000000002,DEP-529-14R,2019
LEMD,DEP,529,36L,465,465,11.506666666666668,DEP-529-36L,2019
LEMD,DEP,529,36R,199,199,11.326666666666668,DEP-529-36R,2019
LEMD,DEP,53,14R,34,34,12.523333333333333,DEP-53-14R,2019
LEMD,DEP,53,36L,43,43,13.576666666666668,DEP-53-36L,2019
LEMD,DEP,533,14L,36,36,14.366666666666667,DEP-533-14L,2019
LEMD,DEP,533,14R,138,138,13.773333333333333,DEP-533-14R,2019
LEMD,DEP,533,36L,422,422,11.07,DEP-533-36L,2019
LEMD,DEP,533,36R,36,36,10.916666666666666,DEP-533-36R,2019
LEMD,DEP,536,14R,149,149,13.933333333333334,DEP-536-14R,2019
LEMD,DEP,536,36L,414,414,11.686666666666666,DEP-536-36L,2019
LEMD,DEP,537,14R,177,177,13.306666666666668,DEP-537-14R,2019
LEMD,DEP,537,36L,399,399,11.576666666666668,DEP-537-36L,2019
LEMD,DEP,538,36L,57,57,10.68,DEP-538-36L,2019
LEMD,DEP,539,36L,69,69,12.436666666666667,DEP-539-36L,2019
LEMD,DEP,541,14L,35,35,12.186666666666667,DEP-541-14L,2019
LEMD,DEP,541,14R,183,183,15.616666666666667,DEP-541-14R,2019
LEMD,DEP,541,36L,502,502,13.216666666666667,DEP-541-36L,2019
LEMD,DEP,541,36R,46,46,11.5,DEP-541-36R,2019
LEMD,DEP,545,14L,40,40,12.35,DEP-545-14L,2019
LEMD,DEP,545,14R,153,153,15.91,DEP-545-14R,2019
LEMD,DEP,545,36L,508,508,13.5,DEP-545-36L,2019
LEMD,DEP,545,36R,86,86,11.516666666666667,DEP-545-36R,2019
LEMD,DEP,549,14L,58,58,11.49,DEP-549-14L,2019
LEMD,DEP,549,14R,145,145,15.423333333333334,DEP-549-14R,2019
LEMD,DEP,549,36L,538,538,13.783333333333333,DEP-549-36L,2019
LEMD,DEP,549,36R,122,122,10.636666666666667,DEP-549-36R,2019
LEMD,DEP,553,14L,71,71,11.133333333333333,DEP-553-14L,2019
LEMD,DEP,553,14R,128,128,14.763333333333334,DEP-553-14R,2019
LEMD,DEP,553,36L,520,520,13.696666666666667,DEP-553-36L,2019
LEMD,DEP,553,36R,109,109,10.84,DEP-553-36R,2019
LEMD,DEP,556,14L,133,133,8.98,DEP-556-14L,2019
LEMD,DEP,556,14R,141,141,12.4,DEP-556-14R,2019
LEMD,DEP,556,36L,423,423,11.120000000000001,DEP-556-36L,2019
LEMD,DEP,556,36R,357,357,9.6033333333333335,DEP-556-36R,2019
LEMD,DEP,559,14L,75,75,10.593333333333334,DEP-559-14L,2019
LEMD,DEP,559,14R,160,160,16.11,DEP-559-14R,2019
LEMD,DEP,559,36L,510,510,14.216666666666667,DEP-559-36L,2019
LEMD,DEP,559,36R,141,141,10.766666666666667,DEP-559-36R,2019
LEMD,DEP,562,14L,231,231,9.133333333333333,DEP-562-14L,2019
LEMD,DEP,562,14R,248,248,11.696666666666667,DEP-562-14R,2019
LEMD,DEP,562,36L,638,638,10.989999999999998,DEP-562-36L,2019
LEMD,DEP,562,36R,606,606,9.616666666666667,DEP-562-36R,2019
LEMD,DEP,565,14L,60,60,11.353333333333335,DEP-565-14L,2019
LEMD,DEP,565,14R,161,161,14.616666666666667,DEP-565-14R,2019
LEMD,DEP,565,36L,433,433,14.34,DEP-565-36L,2019
LEMD,DEP,565,36R,199,199,11.093333333333334,DEP-565-36R,2019
LEMD,DEP,569,14L,69,69,10.933333333333334,DEP-569-14L,2019
LEMD,DEP,569,14R,229,229,14.043333333333335,DEP-569-14R,2019
LEMD,DEP,569,36L,660,660,13.996666666666666,DEP-569-36L,2019
LEMD,DEP,569,36R,104,104,11.153333333333332,DEP-569-36R,2019
LEMD,DEP,57,14R,32,32,11.233333333333333,DEP-57-14R,2019
LEMD,DEP,57,36L,39,39,14.83,DEP-57-36L,2019
LEMD,DEP,573,14L,46,46,11.666666666666666,DEP-573-14L,2019
LEMD,DEP,573,14R,224,224,13.486666666666666,DEP-573-14R,2019
LEMD,DEP,573,36L,700,700,13.18,DEP-573-36L,2019
LEMD,DEP,573,36R,82,82,11.623333333333333,DEP-573-36R,2019
LEMD,DEP,576,14R,76,76,13.766666666666667,DEP-576-14R,2019
LEMD,DEP,576,36L,258,258,12.673333333333332,DEP-576-36L,2019
LEMD,DEP,576,36R,42,42,8.933333333333334,DEP-576-36R,2019
LEMD,DEP,577,14R,78,78,15.143333333333334,DEP-577-14R,2019
LEMD,DEP,577,36L,206,206,15.016666666666667,DEP-577-36L,2019
LEMD,DEP,578,14L,52,52,9.823333333333334,DEP-578-14L,2019
LEMD,DEP,578,14R,47,47,10.726666666666667,DEP-578-14R,2019
LEMD,DEP,578,36L,121,121,9.733333333333333,DEP-578-36L,2019
LEMD,DEP,578,36R,135,135,10.3,DEP-578-36R,2019
LEMD,DEP,579,36L,38,38,12.650000000000002,DEP-579-36L,2019
LEMD,DEP,580,14R,65,65,12.07,DEP-580-14R,2019
LEMD,DEP,580,36L,270,270,12.58,DEP-580-36L,2019
LEMD,DEP,582,14R,70,70,12.526666666666667,DEP-582-14R,2019
LEMD,DEP,582,36L,259,259,9.823333333333332,DEP-582-36L,2019
LEMD,DEP,583,36L,44,44,10.716666666666665,DEP-583-36L,2019
LEMD,DEP,585,14L,47,47,14.209999999999999,DEP-585-14L,2019
LEMD,DEP,585,14R,180,180,13.666666666666666,DEP-585-14R,2019
LEMD,DEP,585,36L,506,506,11.2,DEP-585-36L,2019
LEMD,DEP,585,36R,76,76,14.683333333333334,DEP-585-36R,2019
LEMD,DEP,59,36L,33,33,14.976666666666667,DEP-59-36L,2019
LEMD,DEP,6,14L,31,31,9.866666666666667,DEP-6-14L,2019
LEMD,DEP,6,36L,143,143,8.92,DEP-6-36L,2019
LEMD,DEP,6,36R,120,120,11.133333333333333,DEP-6-36R,2019
LEMD,DEP,600,36L,45,45,7.570000000000001,DEP-600-36L,2019
LEMD,DEP,600,36R,92,92,5.156666666666666,DEP-600-36R,2019
LEMD,DEP,601,14R,39,39,11.770000000000001,DEP-601-14R,2019
LEMD,DEP,601,36L,75,75,8.96,DEP-601-36L,2019
LEMD,DEP,602,36L,35,35,6.8500000000000005,DEP-602-36L,2019
LEMD,DEP,602,36R,51,51,5.15,DEP-602-36R,2019
LEMD,DEP,604,14R,49,49,10.77,DEP-604-14R,2019
LEMD,DEP,604,36L,101,101,8.516666666666667,DEP-604-36L,2019
LEMD,DEP,606,14L,137,137,5.37,DEP-606-14L,2019
LEMD,DEP,606,14R,130,130,8.413333333333332,DEP-606-14R,2019
LEMD,DEP,606,36L,309,309,7.313333333333333,DEP-606-36L,2019
LEMD,DEP,606,36R,395,395,5.21,DEP-606-36R,2019
LEMD,DEP,608,36L,35,35,8.010000000000002,DEP-608-36L,2019
LEMD,DEP,608,36R,49,49,5.543333333333333,DEP-608-36R,2019
LEMD,DEP,609,14R,43,43,10.466666666666667,DEP-609-14R,2019
LEMD,DEP,609,36L,93,93,9.600000000000001,DEP-609-36L,2019
LEMD,DEP,61,36L,36,36,14.966666666666667,DEP-61-36L,2019
LEMD,DEP,612,14R,42,42,10.27,DEP-612-14R,2019
LEMD,DEP,612,36L,84,84,9.493333333333332,DEP-612-36L,2019
LEMD,DEP,614,14R,38,38,10.190000000000001,DEP-614-14R,2019
LEMD,DEP,614,36L,92,92,9.873333333333333,DEP-614-36L,2019
LEMD,DEP,616,14L,122,122,5.540000000000001,DEP-616-14L,2019
LEMD,DEP,616,14R,119,119,8.56,DEP-616-14R,2019
LEMD,DEP,616,36L,218,218,7.8966666666666665,DEP-616-36L,2019
LEMD,DEP,616,36R,372,372,5.75,DEP-616-36R,2019
LEMD,DEP,618,14L,49,49,6.063333333333333,DEP-618-14L,2019
LEMD,DEP,618,36L,62,62,8.426666666666666,DEP-618-36L,2019
LEMD,DEP,618,36R,170,170,5.6,DEP-618-36R,2019
LEMD,DEP,619,14R,38,38,9.883333333333333,DEP-619-14R,2019
LEMD,DEP,619,36L,71,71,9.616666666666667,DEP-619-36L,2019
LEMD,DEP,620,36L,56,56,7.816666666666666,DEP-620-36L,2019
LEMD,DEP,620,36R,69,69,5.626666666666667,DEP-620-36R,2019
LEMD,DEP,622,14R,43,43,8.986666666666668,DEP-622-14R,2019
LEMD,DEP,622,36L,94,94,8.33,DEP-622-36L,2019
LEMD,DEP,624,14R,54,54,9.433333333333334,DEP-624-14R,2019
LEMD,DEP,624,36L,109,109,9.120000000000001,DEP-624-36L,2019
LEMD,DEP,626,14R,32,32,7.243333333333334,DEP-626-14R,2019
LEMD,DEP,626,36L,45,45,7.673333333333334,DEP-626-36L,2019
LEMD,DEP,626,36R,92,92,6.3999999999999995,DEP-626-36R,2019
LEMD,DEP,627,36L,30,30,8.383333333333333,DEP-627-36L,2019
LEMD,DEP,628,36L,32,32,7.326666666666667,DEP-628-36L,2019
LEMD,DEP,628,36R,40,40,6.186666666666667,DEP-628-36R,2019
LEMD,DEP,67,14R,40,40,13.016666666666667,DEP-67-14R,2019
LEMD,DEP,67,36L,58,58,15.486666666666666,DEP-67-36L,2019
LEMD,DEP,69,36L,45,45,16.12,DEP-69-36L,2019
LEMD,DEP,70,14L,86,86,20.633333333333333,DEP-70-14L,2019
LEMD,DEP,70,14R,308,308,17.033333333333335,DEP-70-14R,2019
LEMD,DEP,70,36L,800,800,18.596666666666668,DEP-70-36L,2019
LEMD,DEP,70,36R,366,366,21.066666666666666,DEP-70-36R,2019
LEMD,DEP,71,14L,86,86,20.883333333333333,DEP-71-14L,2019
LEMD,DEP,71,14R,378,378,16.669999999999998,DEP-71-14R,2019
LEMD,DEP,71,36L,972,972,18.52,DEP-71-36L,2019
LEMD,DEP,71,36R,297,297,21.046666666666667,DEP-71-36R,2019
LEMD,DEP,72,14L,93,93,21.78333333333333,DEP-72-14L,2019
LEMD,DEP,72,14R,382,382,16.973333333333333,DEP-72-14R,2019
LEMD,DEP,72,36L,891,891,18.466666666666665,DEP-72-36L,2019
LEMD,DEP,72,36R,299,299,22.093333333333334,DEP-72-36R,2019
LEMD,DEP,73,14L,82,82,21.023333333333333,DEP-73-14L,2019
LEMD,DEP,73,14R,372,372,16.756666666666668,DEP-73-14R,2019
LEMD,DEP,73,36L,912,912,18.53666666666667,DEP-73-36L,2019
LEMD,DEP,73,36R,258,258,21.256666666666668,DEP-73-36R,2019
LEMD,DEP,74,14L,72,72,20.479999999999997,DEP-74-14L,2019
LEMD,DEP,74,14R,308,308,16.956666666666667,DEP-74-14R,2019
LEMD,DEP,74,36L,695,695,18.3,DEP-74-36L,2019
LEMD,DEP,74,36R,221,221,21.183333333333334,DEP-74-36R,2019
LEMD,DEP,8,36L,120,120,6.543333333333333,DEP-8-36L,2019
LEMD,DEP,8,36R,60,60,9.190000000000001,DEP-8-36R,2019
LEMD,DEP,81,36R,30,30,22.35333333333333,DEP-81-36R,2019
LEMD,DEP,83,36R,30,30,24,DEP-83-36R,2019
LEMD,DEP,84,36R,32,32,21.366666666666667,DEP-84-36R,2019
LEMD,DEP,85,36R,47,47,19.230000000000004,DEP-85-36R,2019
LEMD,DEP,90,36L,38,38,16.28333333333333,DEP-90-36L,2019
LEMD,DEP,90,36R,40,40,20.583333333333332,DEP-90-36R,2019
LEMD,DEP,91,36L,33,33,16.78,DEP-91-36L,2019
LEMD,DEP,91,36R,60,60,18.71333333333333,DEP-91-36R,2019
LEMD,DEP,92,36L,32,32,18.4,DEP-92-36L,2019
LEMD,DEP,92,36R,54,54,19.543333333333333,DEP-92-36R,2019
LEMD,DEP,93,36L,38,38,16.64666666666667,DEP-93-36L,2019
LEMD,DEP,93,36R,54,54,20,DEP-93-36R,2019
LEMD,DEP,94,36L,33,33,17.003333333333334,DEP-94-36L,2019
LEMD,DEP,94,36R,63,63,18.363333333333333,DEP-94-36R,2019
LEMD,DEP,95,36L,35,35,17.043333333333333,DEP-95-36L,2019
LEMD,DEP,95,36R,49,49,21.10666666666667,DEP-95-36R,2019
LEMD,DEP,96,36L,31,31,16.016666666666666,DEP-96-36L,2019
LEMD,DEP,96,36R,45,45,20.430000000000003,DEP-96-36R,2019
LEMD,DEP,97,36L,32,32,16.226666666666667,DEP-97-36L,2019
LEMD,DEP,97,36R,43,43,20.486666666666665,DEP-97-36R,2019
LEMD,DEP,98,14L,73,73,15.956666666666665,DEP-98-14L,2019
LEMD,DEP,98,14R,66,66,12.133333333333333,DEP-98-14R,2019
LEMD,DEP,98,36L,147,147,13.67,DEP-98-36L,2019
LEMD,DEP,98,36R,174,174,16.076666666666664,DEP-98-36R,2019
LEMD,DEP,99,14L,67,67,15.07,DEP-99-14L,2019
LEMD,DEP,99,14R,59,59,11.680000000000001,DEP-99-14R,2019
LEMD,DEP,99,36L,138,138,14.123333333333335,DEP-99-36L,2019
LEMD,DEP,99,36R,142,142,16.443333333333335,DEP-99-36R,2019
LEMD,DEP,T1,14L,166,166,21.8,DEP-T1-14L,2019
LEMD,DEP,T1,14R,184,184,17.716666666666665,DEP-T1-14R,2019
LEMD,DEP,T1,36L,685,685,19.66,DEP-T1-36L,2019
LEMD,DEP,T1,36R,390,390,22.846666666666668,DEP-T1-36R,2019
LEMD,DEP,T10,14L,299,299,16.07,DEP-T10-14L,2019
LEMD,DEP,T10,14R,134,134,12.553333333333335,DEP-T10-14R,2019
LEMD,DEP,T10,36L,462,462,13.92,DEP-T10-36L,2019
LEMD,DEP,T10,36R,808,808,17.016666666666666,DEP-T10-36R,2019
LEMD,DEP,T11,14L,274,274,15.716666666666667,DEP-T11-14L,2019
LEMD,DEP,T11,14R,139,139,12.95,DEP-T11-14R,2019
LEMD,DEP,T11,36L,478,478,14.34,DEP-T11-36L,2019
LEMD,DEP,T11,36R,785,785,17.1,DEP-T11-36R,2019
LEMD,DEP,T11W,14L,62,62,20.583333333333336,DEP-T11W-14L,2019
LEMD,DEP,T11W,14R,53,53,14.713333333333333,DEP-T11W-14R,2019
LEMD,DEP,T11W,36L,100,100,15.993333333333332,DEP-T11W-36L,2019
LEMD,DEP,T11W,36R,122,122,19.39,DEP-T11W-36R,2019
LEMD,DEP,T12,14L,364,364,16.64,DEP-T12-14L,2019
LEMD,DEP,T12,14R,186,186,13.25,DEP-T12-14R,2019
LEMD,DEP,T12,36L,548,548,14.356666666666666,DEP-T12-36L,2019
LEMD,DEP,T12,36R,979,979,17.343333333333334,DEP-T12-36R,2019
LEMD,DEP,T13,14L,436,436,16.866666666666667,DEP-T13-14L,2019
LEMD,DEP,T13,14R,257,257,12.883333333333333,DEP-T13-14R,2019
LEMD,DEP,T13,36L,695,695,14.116666666666667,DEP-T13-36L,2019
LEMD,DEP,T13,36R,1149,1149,17.043333333333337,DEP-T13-36R,2019
LEMD,DEP,T14,14L,451,451,16.883333333333333,DEP-T14-14L,2019
LEMD,DEP,T14,14R,217,217,13.27,DEP-T14-14R,2019
LEMD,DEP,T14,36L,694,694,14.426666666666666,DEP-T14-36L,2019
LEMD,DEP,T14,36R,1096,1096,17.35,DEP-T14-36R,2019
LEMD,DEP,T15,14L,381,381,16.3,DEP-T15-14L,2019
LEMD,DEP,T15,14R,216,216,13.05,DEP-T15-14R,2019
LEMD,DEP,T15,36L,608,608,14.133333333333333,DEP-T15-36L,2019
LEMD,DEP,T15,36R,1044,1044,17.166666666666668,DEP-T15-36R,2019
LEMD,DEP,T16,14L,357,357,16.123333333333335,DEP-T16-14L,2019
LEMD,DEP,T16,14R,154,154,12.99,DEP-T16-14R,2019
LEMD,DEP,T16,36L,465,465,14.113333333333333,DEP-T16-36L,2019
LEMD,DEP,T16,36R,913,913,16.996666666666666,DEP-T16-36R,2019
LEMD,DEP,T17,14L,317,317,15.923333333333334,DEP-T17-14L,2019
LEMD,DEP,T17,14R,196,196,12.666666666666666,DEP-T17-14R,2019
LEMD,DEP,T17,36L,547,547,14.183333333333334,DEP-T17-36L,2019
LEMD,DEP,T17,36R,897,897,16.55666666666667,DEP-T17-36R,2019
LEMD,DEP,T18,14L,246,246,16.316666666666666,DEP-T18-14L,2019
LEMD,DEP,T18,14R,181,181,12.933333333333334,DEP-T18-14R,2019
LEMD,DEP,T18,36L,490,490,13.866666666666667,DEP-T18-36L,2019
LEMD,DEP,T18,36R,659,659,17.236666666666665,DEP-T18-36R,2019
LEMD,DEP,T19,14L,238,238,16.383333333333333,DEP-T19-14L,2019
LEMD,DEP,T19,14R,193,193,12.77,DEP-T19-14R,2019
LEMD,DEP,T19,36L,547,547,14.223333333333333,DEP-T19-36L,2019
LEMD,DEP,T19,36R,686,686,17.15,DEP-T19-36R,2019
LEMD,DEP,T2,14L,200,200,21.41,DEP-T2-14L,2019
LEMD,DEP,T2,14R,190,190,16.796666666666667,DEP-T2-14R,2019
LEMD,DEP,T2,36L,683,683,19.236666666666665,DEP-T2-36L,2019
LEMD,DEP,T2,36R,372,372,22.630000000000003,DEP-T2-36R,2019
LEMD,DEP,T20,14L,206,206,15.616666666666667,DEP-T20-14L,2019
LEMD,DEP,T20,14R,145,145,12.313333333333334,DEP-T20-14R,2019
LEMD,DEP,T20,36L,484,484,13.943333333333332,DEP-T20-36L,2019
LEMD,DEP,T20,36R,560,560,16.333333333333332,DEP-T20-36R,2019
LEMD,DEP,T20W,14L,35,35,17.270000000000003,DEP-T20W-14L,2019
LEMD,DEP,T20W,14R,49,49,13.14,DEP-T20W-14R,2019
LEMD,DEP,T20W,36L,96,96,15.55,DEP-T20W-36L,2019
LEMD,DEP,T20W,36R,83,83,18.623333333333335,DEP-T20W-36R,2019
LEMD,DEP,T21,14L,262,262,15.783333333333333,DEP-T21-14L,2019
LEMD,DEP,T21,14R,190,190,12.2,DEP-T21-14R,2019
LEMD,DEP,T21,36L,553,553,14.066666666666666,DEP-T21-36L,2019
LEMD,DEP,T21,36R,662,662,16.086666666666666,DEP-T21-36R,2019
LEMD,DEP,T22,14L,321,321,15.966666666666667,DEP-T22-14L,2019
LEMD,DEP,T22,14R,398,398,11.883333333333333,DEP-T22-14R,2019
LEMD,DEP,T22,36L,1175,1175,13.933333333333334,DEP-T22-36L,2019
LEMD,DEP,T22,36R,763,763,16.123333333333335,DEP-T22-36R,2019
LEMD,DEP,T23,14L,384,384,15.533333333333333,DEP-T23-14L,2019
LEMD,DEP,T23,14R,271,271,11.95,DEP-T23-14R,2019
LEMD,DEP,T23,36L,710,710,13.65,DEP-T23-36L,2019
LEMD,DEP,T23,36R,971,971,16.016666666666666,DEP-T23-36R,2019
LEMD,DEP,T24,14L,543,543,15.423333333333332,DEP-T24-14L,2019
LEMD,DEP,T24,14R,144,144,11.65,DEP-T24-14R,2019
LEMD,DEP,T24,36L,342,342,13.34,DEP-T24-36L,2019
LEMD,DEP,T24,36R,1453,1453,16.05,DEP-T24-36R,2019
LEMD,DEP,T25,14L,442,442,15.05,DEP-T25-14L,2019
LEMD,DEP,T25,14R,162,162,11.506666666666668,DEP-T25-14R,2019
LEMD,DEP,T25,36L,368,368,12.936666666666667,DEP-T25-36L,2019
LEMD,DEP,T25,36R,1163,1163,15.6,DEP-T25-36R,2019
LEMD,DEP,T26,14L,401,401,14.716666666666667,DEP-T26-14L,2019
LEMD,DEP,T26,14R,165,165,11.580000000000002,DEP-T26-14R,2019
LEMD,DEP,T26,36L,405,405,12.626666666666665,DEP-T26-36L,2019
LEMD,DEP,T26,36R,1151,1151,15.75,DEP-T26-36R,2019
LEMD,DEP,T27,14L,434,434,14.933333333333334,DEP-T27-14L,2019
LEMD,DEP,T27,14R,173,173,11.273333333333333,DEP-T27-14R,2019
LEMD,DEP,T27,36L,359,359,12.620000000000001,DEP-T27-36L,2019
LEMD,DEP,T27,36R,1126,1126,15.366666666666667,DEP-T27-36R,2019
LEMD,DEP,T28,14L,311,311,14.866666666666667,DEP-T28-14L,2019
LEMD,DEP,T28,14R,187,187,11.183333333333334,DEP-T28-14R,2019
LEMD,DEP,T28,36L,410,410,12.656666666666666,DEP-T28-36L,2019
LEMD,DEP,T28,36R,902,902,15.486666666666666,DEP-T28-36R,2019
LEMD,DEP,T29,14L,248,248,15.333333333333334,DEP-T29-14L,2019
LEMD,DEP,T29,14R,161,161,11.85,DEP-T29-14R,2019
LEMD,DEP,T29,36L,363,363,13.133333333333333,DEP-T29-36L,2019
LEMD,DEP,T29,36R,786,786,15.966666666666667,DEP-T29-36R,2019
LEMD,DEP,T3,14L,149,149,20.76,DEP-T3-14L,2019
LEMD,DEP,T3,14R,241,241,16.133333333333333,DEP-T3-14R,2019
LEMD,DEP,T3,36L,758,758,17.706666666666667,DEP-T3-36L,2019
LEMD,DEP,T3,36R,389,389,21.276666666666667,DEP-T3-36R,2019
LEMD,DEP,T30,14L,233,233,15.883333333333333,DEP-T30-14L,2019
LEMD,DEP,T30,14R,141,141,12.133333333333333,DEP-T30-14R,2019
LEMD,DEP,T30,36L,335,335,13.41,DEP-T30-36L,2019
LEMD,DEP,T30,36R,689,689,16.033333333333335,DEP-T30-36R,2019
LEMD,DEP,T31,14L,201,201,15.633333333333333,DEP-T31-14L,2019
LEMD,DEP,T31,14R,191,191,11.433333333333334,DEP-T31-14R,2019
LEMD,DEP,T31,36L,405,405,13.216666666666667,DEP-T31-36L,2019
LEMD,DEP,T31,36R,684,684,16,DEP-T31-36R,2019
LEMD,DEP,T32,14L,208,208,15.55,DEP-T32-14L,2019
LEMD,DEP,T32,14R,169,169,11.21,DEP-T32-14R,2019
LEMD,DEP,T32,36L,405,405,12.596666666666666,DEP-T32-36L,2019
LEMD,DEP,T32,36R,690,690,15.7,DEP-T32-36R,2019
LEMD,DEP,T33,14L,220,220,15.7,DEP-T33-14L,2019
LEMD,DEP,T33,14R,152,152,11.2,DEP-T33-14R,2019
LEMD,DEP,T33,36L,406,406,13.05,DEP-T33-36L,2019
LEMD,DEP,T33,36R,538,538,16.133333333333333,DEP-T33-36R,2019
LEMD,DEP,T34,14L,205,205,15.913333333333334,DEP-T34-14L,2019
LEMD,DEP,T34,14R,180,180,12.696666666666665,DEP-T34-14R,2019
LEMD,DEP,T34,36L,527,527,13.603333333333333,DEP-T34-36L,2019
LEMD,DEP,T34,36R,787,787,16.683333333333334,DEP-T34-36R,2019
LEMD,DEP,T35,14L,253,253,16.973333333333333,DEP-T35-14L,2019
LEMD,DEP,T35,14R,163,163,12.780000000000001,DEP-T35-14R,2019
LEMD,DEP,T35,36L,391,391,14.216666666666667,DEP-T35-36L,2019
LEMD,DEP,T35,36R,609,609,17.55,DEP-T35-36R,2019
LEMD,DEP,T36,14L,83,83,14.803333333333335,DEP-T36-14L,2019
LEMD,DEP,T36,14R,210,210,10.830000000000002,DEP-T36-14R,2019
LEMD,DEP,T36,36L,575,575,12.41,DEP-T36-36L,2019
LEMD,DEP,T36,36R,255,255,15.296666666666667,DEP-T36-36R,2019
LEMD,DEP,T37,14L,87,87,14.703333333333333,DEP-T37-14L,2019
LEMD,DEP,T37,14R,177,177,10.496666666666666,DEP-T37-14R,2019
LEMD,DEP,T37,36L,491,491,12.283333333333333,DEP-T37-36L,2019
LEMD,DEP,T37,36R,231,231,15.616666666666667,DEP-T37-36R,2019
LEMD,DEP,T38,14L,35,35,15.193333333333332,DEP-T38-14L,2019
LEMD,DEP,T38,14R,64,64,10.383333333333333,DEP-T38-14R,2019
LEMD,DEP,T38,36L,195,195,12.783333333333335,DEP-T38-36L,2019
LEMD,DEP,T38,36R,109,109,15.653333333333332,DEP-T38-36R,2019
LEMD,DEP,T39,14L,52,52,15.283333333333333,DEP-T39-14L,2019
LEMD,DEP,T39,14R,119,119,10.433333333333334,DEP-T39-14R,2019
LEMD,DEP,T39,36L,372,372,12.389999999999999,DEP-T39-36L,2019
LEMD,DEP,T39,36R,175,175,15.526666666666667,DEP-T39-36R,2019
LEMD,DEP,T4,14L,187,187,19.413333333333334,DEP-T4-14L,2019
LEMD,DEP,T4,14R,188,188,15.5,DEP-T4-14R,2019
LEMD,DEP,T4,36L,620,620,16.933333333333334,DEP-T4-36L,2019
LEMD,DEP,T4,36R,475,475,20.04666666666667,DEP-T4-36R,2019
LEMD,DEP,T40,14L,61,61,15.033333333333333,DEP-T40-14L,2019
LEMD,DEP,T40,14R,95,95,10.633333333333333,DEP-T40-14R,2019
LEMD,DEP,T40,36L,268,268,12.3,DEP-T40-36L,2019
LEMD,DEP,T40,36R,184,184,15.586666666666666,DEP-T40-36R,2019
LEMD,DEP,T5,14L,182,182,19.453333333333333,DEP-T5-14L,2019
LEMD,DEP,T5,14R,227,227,14.966666666666665,DEP-T5-14R,2019
LEMD,DEP,T5,36L,740,740,16.883333333333333,DEP-T5-36L,2019
LEMD,DEP,T5,36R,372,372,19.186666666666667,DEP-T5-36R,2019
LEMD,DEP,T6,14L,168,168,17.720000000000002,DEP-T6-14L,2019
LEMD,DEP,T6,14R,135,135,13.506666666666668,DEP-T6-14R,2019
LEMD,DEP,T6,36L,500,500,14.846666666666666,DEP-T6-36L,2019
LEMD,DEP,T6,36R,384,384,18.543333333333337,DEP-T6-36R,2019
LEMD,DEP,T6W,14L,56,56,20.716666666666665,DEP-T6W-14L,2019
LEMD,DEP,T6W,14R,95,95,15.036666666666667,DEP-T6W-14R,2019
LEMD,DEP,T6W,36L,342,342,17.64,DEP-T6W-36L,2019
LEMD,DEP,T6W,36R,109,109,20.836666666666666,DEP-T6W-36R,2019
LEMD,DEP,T7,14L,175,175,17.783333333333335,DEP-T7-14L,2019
LEMD,DEP,T7,14R,157,157,13.536666666666667,DEP-T7-14R,2019
LEMD,DEP,T7,36L,508,508,15.07,DEP-T7-36L,2019
LEMD,DEP,T7,36R,399,399,18.509999999999998,DEP-T7-36R,2019
LEMD,DEP,T8,14L,310,310,18.263333333333332,DEP-T8-14L,2019
LEMD,DEP,T8,14R,210,210,14.030000000000001,DEP-T8-14R,2019
LEMD,DEP,T8,36L,741,741,15.666666666666666,DEP-T8-36L,2019
LEMD,DEP,T8,36R,658,658,18.84,DEP-T8-36R,2019
LEMD,DEP,T9,14L,331,331,16.533333333333335,DEP-T9-14L,2019
LEMD,DEP,T9,14R,161,161,13.55,DEP-T9-14R,2019
LEMD,DEP,T9,36L,400,400,14.216666666666667,DEP-T9-36L,2019
LEMD,DEP,T9,36R,861,861,17.2,DEP-T9-36R,2019
LEMD,DEP,T9W,14L,33,33,19.343333333333334,DEP-T9W-14L,2019
LEMD,DEP,T9W,36L,99,99,16.75,DEP-T9W-36L,2019
LEMD,DEP,T9W,36R,157,157,20,DEP-T9W-36R,2019
LEMD,DEP,UNKNOWN,14L,68,68,11.260000000000002,DEP-UNKNOWN-14L,2019
LEMD,DEP,UNKNOWN,14R,277,277,12.303333333333335,DEP-UNKNOWN-14R,2019
LEMD,DEP,UNKNOWN,36L,946,946,11.283333333333333,DEP-UNKNOWN-36L,2019
LEMD,DEP,UNKNOWN,36R,366,366,14.05,DEP-UNKNOWN-36R,2019
